16.6244	15.9254	15.2406	14.5702	13.9141	13.2725	13.0877	12.6453	12.3885	12.0326	
13.2725	12.6453	12.0326	11.4344	10.8509	10.282	9.7278	9.1883	8.6636	8.1537	
11.0515	10.4136	9.7957	9.198	8.6636	8.6201	8.1537	8.0621	7.6588	7.5237	
9.7278	9.1883	8.6636	8.1537	7.6588	7.5237	7.1787	7.0049	6.7137	6.5055	
11.0515	10.4136	9.7957	9.198	8.6201	8.0621	7.6588	7.5237	7.1787	7.0049	
13.0877	12.3885	11.7098	11.0515	10.4136	9.7957	9.198	8.6636	8.6201	8.1537	
16.6244	15.9254	15.2406	14.5702	13.9141	13.2725	12.6453	12.0326	11.4344	10.8509	
7.6588	7.5237	7.1787	7.0049	6.7137	6.5055	6.2637	6.0255	5.8288	5.5647	
9.7957	9.198	9.1883	8.6636	8.6201	8.1537	8.0621	7.6588	7.5237	7.1787	
10.8509	10.282	9.7278	9.1883	8.6636	8.1537	8.0621	7.6588	7.5237	7.1787	
12.0326	11.4344	10.8509	10.282	9.7278	9.1883	8.6636	8.6201	8.1537	8.0621	
7.1787	7.0049	6.7137	6.5055	6.2637	6.0255	5.8288	5.5647	5.409	5.123	
15.31	14.5483	13.8076	13.0877	12.6453	12.3885	12.0326	11.7098	11.4344	11.0515	
13.8076	13.0877	12.3885	11.7098	11.0515	10.8509	10.4136	10.282	9.7957	9.7278	
13.0877	12.3885	11.7098	11.0515	10.4136	10.282	9.7957	9.7278	9.198	9.1883	
8.6201	8.0621	7.6588	7.5237	7.1787	7.0049	6.7137	6.5055	6.2637	6.0255	
14.5702	13.9141	13.2725	12.6453	12.0326	11.4344	10.8509	10.282	9.7278	9.198	
6.5055	6.0255	5.8288	5.5647	5.409	5.123	5.0044	4.7003	4.6151	4.2965	
11.7098	11.0515	10.4136	9.7957	9.7278	9.198	9.1883	8.6636	8.6201	8.1537	
9.7957	9.7278	9.198	9.1883	8.6636	8.6201	8.1537	8.0621	7.6588	7.5237	
12.0326	11.4344	10.8509	10.4136	10.282	9.7957	9.7278	9.198	9.1883	8.6636	
9.1883	8.6636	8.1537	7.6588	7.5237	7.1787	7.0049	6.7137	6.5055	6.2637	
9.1883	8.6636	8.6201	8.1537	8.0621	7.6588	7.5237	7.1787	7.0049	6.7137	
9.1883	8.6636	8.1537	8.0621	7.6588	7.5237	7.1787	7.0049	6.7137	6.5055	
11.4344	10.8509	10.4136	10.282	9.7957	9.7278	9.198	9.1883	8.6636	8.6201	
9.1883	8.6636	8.1537	7.6588	7.5237	7.1787	7.0049	6.7137	6.5055	6.2637	
10.8509	10.282	9.7957	9.7278	9.198	9.1883	8.6636	8.6201	8.1537	8.0621	
11.0515	10.4136	9.7957	9.198	8.6201	8.0621	7.6588	7.5237	7.1787	7.0049	
9.198	8.6201	8.1537	8.0621	7.6588	7.5237	7.1787	7.0049	6.7137	6.5055	
11.0515	10.4136	9.7957	9.198	8.6201	8.0621	7.5237	7.0049	6.7137	6.5055	
11.4344	10.8509	10.282	9.7278	9.1883	8.6636	8.1537	8.0621	7.6588	7.5237	
9.7957	9.7278	9.198	9.1883	8.6636	8.6201	8.1537	8.0621	7.6588	7.5237	
10.8509	10.282	9.7278	9.1883	8.6636	8.1537	7.6588	7.1787	7.0049	6.7137	
13.8076	13.0877	12.3885	11.7098	11.0515	10.4136	9.7957	9.198	8.6201	8.0621	
8.0621	7.6588	7.5237	7.1787	7.0049	6.7137	6.5055	6.2637	6.0255	5.8288	
8.0621	7.5237	7.0049	6.5055	6.2637	6.0255	5.8288	5.5647	5.409	5.123	
12.3885	12.0326	11.7098	11.4344	11.0515	10.8509	10.4136	10.282	9.7957	9.7278	
12.3885	11.7098	11.4344	11.0515	10.8509	10.4136	10.282	9.7957	9.7278	9.198	
11.0515	10.4136	9.7957	9.198	8.6201	8.0621	7.5237	7.0049	6.7137	6.5055	
9.7957	9.7278	9.198	9.1883	8.6636	8.6201	8.1537	8.0621	7.6588	7.5237	
14.5483	13.8076	13.0877	12.3885	11.7098	11.0515	10.4136	9.7957	9.198	9.1883	
11.0515	10.4136	9.7957	9.198	8.6201	8.1537	8.0621	7.6588	7.5237	7.1787	
9.198	9.1883	8.6636	8.6201	8.1537	8.0621	7.6588	7.5237	7.1787	7.0049	
9.198	8.6201	8.0621	7.5237	7.0049	6.5055	6.2637	6.0255	5.8288	5.5647	
7.0049	6.5055	6.2637	6.0255	5.8288	5.5647	5.409	5.123	5.0044	4.7003	
12.0326	11.4344	10.8509	10.282	9.7278	9.1883	8.6636	8.6201	8.1537	8.0621	
13.0877	12.3885	11.7098	11.0515	10.4136	10.282	9.7957	9.7278	9.198	9.1883	
10.4136	9.7957	9.198	8.6201	8.0621	7.5237	7.1787	7.0049	6.7137	6.5055	
9.7278	9.1883	8.6636	8.6201	8.1537	8.0621	7.6588	7.5237	7.1787	7.0049	
12.3885	11.7098	11.0515	10.4136	9.7957	9.198	8.6201	8.1537	8.0621	7.6588	
14.5483	13.8076	13.0877	12.3885	11.7098	11.0515	10.4136	9.7957	9.198	8.6636	
14.5483	13.8076	13.0877	12.3885	11.7098	11.0515	10.4136	9.7957	9.198	9.1883	
9.1883	8.6636	8.1537	7.6588	7.5237	7.1787	7.0049	6.7137	6.5055	6.2637	
8.6636	8.1537	7.6588	7.5237	7.1787	7.0049	6.7137	6.5055	6.2637	6.0255	
9.198	8.6201	8.0621	7.6588	7.5237	7.1787	7.0049	6.7137	6.5055	6.2637	
11.4344	10.8509	10.282	9.7278	9.1883	8.6636	8.1537	8.0621	7.6588	7.5237	
13.9141	13.2725	12.6453	12.3885	12.0326	11.7098	11.4344	11.0515	10.8509	10.4136	
9.7278	9.1883	8.6636	8.1537	7.6588	7.5237	7.1787	7.0049	6.7137	6.5055	
12.0326	11.4344	10.8509	10.282	9.7278	9.1883	8.6636	8.6201	8.1537	8.0621	
11.0515	10.4136	9.7957	9.198	8.6201	8.0621	7.6588	7.5237	7.1787	7.0049	
8.6636	8.6201	8.1537	8.0621	7.6588	7.5237	7.1787	7.0049	6.7137	6.5055	
12.6453	12.0326	11.4344	10.8509	10.282	9.7278	9.1883	8.6636	8.6201	8.1537	
7.0049	6.7137	6.5055	6.2637	6.0255	5.8288	5.5647	5.409	5.123	5.0044	
9.7957	9.198	8.6201	8.0621	7.5237	7.0049	6.5055	6.0255	5.8288	5.5647	
8.6201	8.0621	7.5237	7.0049	6.5055	6.0255	5.5647	5.409	5.123	5.0044	
9.198	8.6201	8.0621	7.6588	7.5237	7.1787	7.0049	6.7137	6.5055	6.2637	
7.6588	7.5237	7.1787	7.0049	6.7137	6.5055	6.2637	6.0255	5.8288	5.5647	
10.4136	10.282	9.7957	9.7278	9.198	9.1883	8.6636	8.6201	8.1537	8.0621	
9.1883	8.6636	8.1537	7.6588	7.1787	6.7137	6.5055	6.2637	6.0255	5.8288	
8.6636	8.1537	8.0621	7.6588	7.5237	7.1787	7.0049	6.7137	6.5055	6.2637	
10.282	9.7278	9.1883	8.6636	8.1537	7.6588	7.1787	7.0049	6.7137	6.5055	
10.282	9.7278	9.1883	8.6636	8.6201	8.1537	8.0621	7.6588	7.5237	7.1787	
10.4136	9.7957	9.198	9.1883	8.6636	8.6201	8.1537	8.0621	7.6588	7.5237	
10.282	9.7278	9.1883	8.6636	8.1537	7.6588	7.1787	6.7137	6.2637	5.8288	
9.1883	8.6636	8.6201	8.1537	8.0621	7.6588	7.5237	7.1787	7.0049	6.7137	
9.7957	9.198	8.6201	8.0621	7.6588	7.5237	7.1787	7.0049	6.7137	6.5055	
11.0515	10.4136	9.7957	9.7278	9.198	9.1883	8.6636	8.6201	8.1537	8.0621	
13.0877	12.3885	11.7098	11.0515	10.4136	9.7957	9.198	9.1883	8.6636	8.6201	
7.6588	7.5237	7.1787	7.0049	6.7137	6.5055	6.2637	6.0255	5.8288	5.5647	
11.7098	11.0515	10.4136	9.7957	9.198	8.6201	8.0621	7.5237	7.0049	6.7137	
11.4344	10.8509	10.282	9.7957	9.7278	9.198	9.1883	8.6636	8.6201	8.1537	
9.7278	9.198	9.1883	8.6636	8.6201	8.1537	8.0621	7.6588	7.5237	7.1787	
13.0877	12.3885	11.7098	11.0515	10.4136	10.282	9.7957	9.7278	9.198	9.1883	
12.3885	11.7098	11.0515	10.4136	9.7957	9.198	8.6201	8.1537	8.0621	7.6588	
9.198	8.6201	8.0621	7.5237	7.1787	7.0049	6.7137	6.5055	6.2637	6.0255	
8.1537	7.6588	7.1787	6.7137	6.2637	5.8288	5.409	5.123	5.0044	4.7003	
11.7098	11.0515	10.4136	9.7957	9.7278	9.198	9.1883	8.6636	8.6201	8.1537	
13.0877	12.3885	11.7098	11.4344	11.0515	10.8509	10.4136	10.282	9.7957	9.7278	
9.198	8.6201	8.1537	8.0621	7.6588	7.5237	7.1787	7.0049	6.7137	6.5055	
15.31	14.5483	13.8076	13.0877	12.3885	11.7098	11.0515	10.4136	9.7957	9.198	
10.4136	9.7957	9.198	8.6201	8.0621	7.5237	7.1787	7.0049	6.7137	6.5055	
8.6201	8.0621	7.5237	7.1787	7.0049	6.7137	6.5055	6.2637	6.0255	5.8288	
12.0326	11.4344	10.8509	10.282	9.7278	9.1883	8.6636	8.6201	8.1537	8.0621	
11.0515	10.4136	9.7957	9.198	8.6201	8.1537	8.0621	7.6588	7.5237	7.1787	
10.282	9.7278	9.1883	8.6636	8.1537	7.6588	7.1787	7.0049	6.7137	6.5055	
9.198	8.6201	8.0621	7.5237	7.0049	6.7137	6.5055	6.2637	6.0255	5.8288	
8.1537	7.6588	7.1787	6.7137	6.5055	6.2637	6.0255	5.8288	5.5647	5.409	
7.6588	7.5237	7.1787	7.0049	6.7137	6.5055	6.2637	6.0255	5.8288	5.5647	
9.7957	9.198	8.6201	8.0621	7.6588	7.5237	7.1787	7.0049	6.7137	6.5055	
11.0515	10.4136	10.282	9.7957	9.7278	9.198	9.1883	8.6636	8.6201	8.1537	
7.1787	6.7137	6.5055	6.2637	6.0255	5.8288	5.5647	5.409	5.123	5.0044	
9.7278	9.1883	8.6636	8.1537	7.6588	7.1787	7.0049	6.7137	6.5055	6.2637	
11.4344	10.8509	10.282	9.7278	9.1883	8.6636	8.1537	7.6588	7.1787	6.7137	
7.6588	7.1787	6.7137	6.5055	6.2637	6.0255	5.8288	5.5647	5.409	5.123	
9.7957	9.198	8.6201	8.1537	8.0621	7.6588	7.5237	7.1787	7.0049	6.7137	
6.5055	6.2637	6.0255	5.8288	5.5647	5.409	5.123	5.0044	4.7003	4.6151	
11.0515	10.8509	10.4136	10.282	9.7957	9.7278	9.198	9.1883	8.6636	8.6201	
13.9141	13.2725	12.6453	12.0326	11.4344	10.8509	10.282	9.7278	9.1883	8.6636	
13.9141	13.2725	12.6453	12.0326	11.4344	10.8509	10.282	9.7957	9.7278	9.198	
10.282	9.7278	9.1883	8.6636	8.6201	8.1537	8.0621	7.6588	7.5237	7.1787	
9.7278	9.198	9.1883	8.6636	8.6201	8.1537	8.0621	7.6588	7.5237	7.1787	
9.198	8.6201	8.1537	8.0621	7.6588	7.5237	7.1787	7.0049	6.7137	6.5055	
9.1883	8.6636	8.1537	7.6588	7.5237	7.1787	7.0049	6.7137	6.5055	6.2637	
11.7098	11.0515	10.4136	9.7957	9.198	8.6201	8.0621	7.6588	7.5237	7.1787	
12.6453	12.0326	11.4344	10.8509	10.282	9.7278	9.1883	8.6636	8.1537	7.6588	
9.7278	9.198	9.1883	8.6636	8.6201	8.1537	8.0621	7.6588	7.5237	7.1787	
7.6588	7.5237	7.1787	7.0049	6.7137	6.5055	6.2637	6.0255	5.8288	5.5647	
7.6588	7.1787	6.7137	6.2637	5.8288	5.5647	5.409	5.123	5.0044	4.7003	
7.6588	7.1787	7.0049	6.7137	6.5055	6.2637	6.0255	5.8288	5.5647	5.409	
7.0049	6.5055	6.2637	6.0255	5.8288	5.5647	5.409	5.123	5.0044	4.7003	
9.198	8.6636	8.6201	8.1537	8.0621	7.6588	7.5237	7.1787	7.0049	6.7137	
8.6201	8.0621	7.5237	7.1787	7.0049	6.7137	6.5055	6.2637	6.0255	5.8288	
9.7957	9.198	9.1883	8.6636	8.6201	8.1537	8.0621	7.6588	7.5237	7.1787	
11.7098	11.0515	10.4136	9.7957	9.198	8.6201	8.0621	7.5237	7.1787	7.0049	
12.6453	12.0326	11.4344	10.8509	10.282	9.7278	9.1883	8.6636	8.1537	7.6588	
9.7957	9.198	8.6201	8.0621	7.5237	7.0049	6.5055	6.2637	6.0255	5.8288	
10.4136	10.282	9.7957	9.7278	9.198	9.1883	8.6636	8.6201	8.1537	8.0621	
13.0877	12.3885	11.7098	11.0515	10.4136	9.7957	9.198	8.6201	8.0621	7.6588	
9.7278	9.1883	8.6636	8.6201	8.1537	8.0621	7.6588	7.5237	7.1787	7.0049	
10.8509	10.282	9.7278	9.1883	8.6636	8.1537	8.0621	7.6588	7.5237	7.1787	
9.7278	9.1883	8.6636	8.1537	7.6588	7.1787	6.7137	6.2637	5.8288	5.5647	
10.4136	9.7957	9.198	8.6636	8.6201	8.1537	8.0621	7.6588	7.5237	7.1787	
9.7278	9.1883	8.6636	8.1537	8.0621	7.6588	7.5237	7.1787	7.0049	6.7137	
9.7957	9.198	9.1883	8.6636	8.6201	8.1537	8.0621	7.6588	7.5237	7.1787	
12.3885	11.7098	11.0515	10.4136	9.7957	9.198	8.6636	8.6201	8.1537	8.0621	
10.4136	9.7957	9.7278	9.198	9.1883	8.6636	8.6201	8.1537	8.0621	7.6588	
8.0621	7.5237	7.1787	7.0049	6.7137	6.5055	6.2637	6.0255	5.8288	5.5647	
13.2725	12.6453	12.0326	11.4344	10.8509	10.4136	10.282	9.7957	9.7278	9.198	
9.198	8.6201	8.0621	7.5237	7.1787	7.0049	6.7137	6.5055	6.2637	6.0255	
16.6244	15.9254	15.2406	14.5702	13.9141	13.2725	12.6453	12.0326	11.7098	11.4344	
14.5483	13.8076	13.0877	12.3885	11.7098	11.0515	10.4136	10.282	9.7957	9.7278	
7.5237	7.0049	6.5055	6.2637	6.0255	5.8288	5.5647	5.409	5.123	5.0044	
10.4136	9.7957	9.198	8.6636	8.6201	8.1537	8.0621	7.6588	7.5237	7.1787	
8.1537	7.6588	7.1787	7.0049	6.7137	6.5055	6.2637	6.0255	5.8288	5.5647	
9.198	9.1883	8.6636	8.6201	8.1537	8.0621	7.6588	7.5237	7.1787	7.0049	
10.282	9.7278	9.198	9.1883	8.6636	8.6201	8.1537	8.0621	7.6588	7.5237	
11.7098	11.0515	10.4136	10.282	9.7957	9.7278	9.198	9.1883	8.6636	8.6201	
10.282	9.7278	9.198	9.1883	8.6636	8.6201	8.1537	8.0621	7.6588	7.5237	
9.7957	9.198	8.6636	8.6201	8.1537	8.0621	7.6588	7.5237	7.1787	7.0049	
11.4344	10.8509	10.282	9.7278	9.1883	8.6636	8.6201	8.1537	8.0621	7.6588	
11.0515	10.4136	9.7957	9.198	8.6636	8.6201	8.1537	8.0621	7.6588	7.5237	
9.7957	9.198	8.6201	8.0621	7.6588	7.5237	7.1787	7.0049	6.7137	6.5055	
9.7957	9.198	8.6201	8.0621	7.5237	7.0049	6.5055	6.0255	5.8288	5.5647	
7.5237	7.1787	7.0049	6.7137	6.5055	6.2637	6.0255	5.8288	5.5647	5.409	
16.0928	15.31	14.5483	13.8076	13.0877	12.3885	12.0326	11.7098	11.4344	11.0515	
13.8076	13.2725	13.0877	12.6453	12.3885	12.0326	11.7098	11.4344	11.0515	10.8509	
10.8509	10.4136	10.282	9.7957	9.7278	9.198	9.1883	8.6636	8.6201	8.1537	
11.0515	10.4136	9.7957	9.198	9.1883	8.6636	8.6201	8.1537	8.0621	7.6588	
8.6201	8.0621	7.5237	7.1787	7.0049	6.7137	6.5055	6.2637	6.0255	5.8288	
8.1537	8.0621	7.6588	7.5237	7.1787	7.0049	6.7137	6.5055	6.2637	6.0255	
13.2725	12.6453	12.0326	11.4344	10.8509	10.282	9.7278	9.1883	8.6636	8.1537	
9.7957	9.198	8.6201	8.1537	8.0621	7.6588	7.5237	7.1787	7.0049	6.7137	
9.7278	9.1883	8.6636	8.1537	8.0621	7.6588	7.5237	7.1787	7.0049	6.7137	
11.7098	11.0515	10.4136	9.7957	9.198	8.6201	8.0621	7.5237	7.0049	6.5055	
8.6201	8.0621	7.5237	7.1787	7.0049	6.7137	6.5055	6.2637	6.0255	5.8288	
9.7957	9.198	8.6636	8.6201	8.1537	8.0621	7.6588	7.5237	7.1787	7.0049	
7.6588	7.1787	6.7137	6.5055	6.2637	6.0255	5.8288	5.5647	5.409	5.123	
8.6201	8.0621	7.6588	7.5237	7.1787	7.0049	6.7137	6.5055	6.2637	6.0255	
12.6453	12.0326	11.4344	10.8509	10.282	9.7957	9.7278	9.198	9.1883	8.6636	
9.7278	9.198	9.1883	8.6636	8.6201	8.1537	8.0621	7.6588	7.5237	7.1787	
9.7957	9.198	8.6201	8.0621	7.5237	7.1787	7.0049	6.7137	6.5055	6.2637	
9.7278	9.1883	8.6636	8.1537	7.6588	7.1787	7.0049	6.7137	6.5055	6.2637	
13.0877	12.3885	12.0326	11.7098	11.4344	11.0515	10.8509	10.4136	10.282	9.7957	
9.198	8.6201	8.1537	8.0621	7.6588	7.5237	7.1787	7.0049	6.7137	6.5055	
10.8509	10.282	9.7278	9.1883	8.6636	8.1537	7.6588	7.1787	7.0049	6.7137	
13.0877	12.3885	11.7098	11.0515	10.8509	10.4136	10.282	9.7957	9.7278	9.198	
10.8509	10.282	9.7957	9.7278	9.198	9.1883	8.6636	8.6201	8.1537	8.0621	
11.0515	10.4136	9.7957	9.198	8.6201	8.1537	8.0621	7.6588	7.5237	7.1787	
9.198	8.6201	8.0621	7.6588	7.5237	7.1787	7.0049	6.7137	6.5055	6.2637	
10.8509	10.4136	10.282	9.7957	9.7278	9.198	9.1883	8.6636	8.6201	8.1537	
10.8509	10.4136	10.282	9.7957	9.7278	9.198	9.1883	8.6636	8.6201	8.1537	
9.7957	9.7278	9.198	9.1883	8.6636	8.6201	8.1537	8.0621	7.6588	7.5237	
8.6201	8.0621	7.5237	7.0049	6.7137	6.5055	6.2637	6.0255	5.8288	5.5647	
13.0877	12.3885	11.7098	11.0515	10.4136	9.7957	9.198	8.6636	8.6201	8.1537	
14.5702	13.9141	13.2725	12.6453	12.0326	11.4344	10.8509	10.282	9.7278	9.1883	
9.198	8.6636	8.6201	8.1537	8.0621	7.6588	7.5237	7.1787	7.0049	6.7137	
7.0049	6.5055	6.0255	5.5647	5.123	5.0044	4.7003	4.6151	4.2965	4.2411	
10.282	9.7278	9.1883	8.6636	8.1537	7.6588	7.1787	6.7137	6.2637	5.8288	
13.2725	12.6453	12.0326	11.4344	10.8509	10.282	9.7278	9.1883	8.6636	8.6201	
14.5702	13.9141	13.2725	12.6453	12.0326	11.4344	10.8509	10.282	9.7278	9.1883	
10.282	9.7278	9.1883	8.6636	8.6201	8.1537	8.0621	7.6588	7.5237	7.1787	
11.0515	10.4136	9.7957	9.198	8.6201	8.0621	7.5237	7.0049	6.5055	6.0255	
10.4136	9.7957	9.198	9.1883	8.6636	8.6201	8.1537	8.0621	7.6588	7.5237	
11.0515	10.4136	9.7957	9.198	8.6201	8.0621	7.6588	7.5237	7.1787	7.0049	
8.6636	8.1537	7.6588	7.5237	7.1787	7.0049	6.7137	6.5055	6.2637	6.0255	
12.0326	11.4344	10.8509	10.282	9.7957	9.7278	9.198	9.1883	8.6636	8.6201	
9.7278	9.1883	8.6636	8.1537	7.6588	7.5237	7.1787	7.0049	6.7137	6.5055	
11.0515	10.4136	9.7957	9.198	8.6201	8.1537	8.0621	7.6588	7.5237	7.1787	
10.4136	9.7957	9.198	8.6636	8.6201	8.1537	8.0621	7.6588	7.5237	7.1787	
11.4344	10.8509	10.282	9.7957	9.7278	9.198	9.1883	8.6636	8.6201	8.1537	
13.8076	13.0877	12.3885	11.7098	11.0515	10.4136	9.7957	9.7278	9.198	9.1883	
8.6636	8.6201	8.1537	8.0621	7.6588	7.5237	7.1787	7.0049	6.7137	6.5055	
12.3885	11.7098	11.0515	10.8509	10.4136	10.282	9.7957	9.7278	9.198	9.1883	
9.198	8.6201	8.0621	7.5237	7.0049	6.5055	6.0255	5.8288	5.5647	5.409	
9.198	8.6201	8.0621	7.5237	7.0049	6.7137	6.5055	6.2637	6.0255	5.8288	
8.0621	7.6588	7.5237	7.1787	7.0049	6.7137	6.5055	6.2637	6.0255	5.8288	
7.1787	6.7137	6.5055	6.2637	6.0255	5.8288	5.5647	5.409	5.123	5.0044	
11.7098	11.0515	10.4136	9.7957	9.198	8.6201	8.0621	7.6588	7.5237	7.1787	
12.3885	11.7098	11.0515	10.4136	9.7957	9.198	9.1883	8.6636	8.6201	8.1537	
8.0621	7.6588	7.5237	7.1787	7.0049	6.7137	6.5055	6.2637	6.0255	5.8288	
10.8509	10.282	9.7278	9.1883	8.6636	8.1537	8.0621	7.6588	7.5237	7.1787	
7.5237	7.1787	7.0049	6.7137	6.5055	6.2637	6.0255	5.8288	5.5647	5.409	
5.8288	5.5647	5.409	5.123	5.0044	4.7003	4.6151	4.2965	4.2411	3.9115	
8.6201	8.0621	7.5237	7.0049	6.7137	6.5055	6.2637	6.0255	5.8288	5.5647	
10.4136	9.7957	9.198	9.1883	8.6636	8.6201	8.1537	8.0621	7.6588	7.5237	
9.198	8.6201	8.0621	7.5237	7.0049	6.7137	6.5055	6.2637	6.0255	5.8288	
10.8509	10.282	9.7957	9.7278	9.198	9.1883	8.6636	8.6201	8.1537	8.0621	
7.6588	7.5237	7.1787	7.0049	6.7137	6.5055	6.2637	6.0255	5.8288	5.5647	
9.7957	9.198	8.6201	8.0621	7.5237	7.1787	7.0049	6.7137	6.5055	6.2637	
13.8076	13.0877	12.3885	11.7098	11.0515	10.4136	9.7957	9.198	8.6636	8.6201	
13.0877	11.7098	11.0515	10.4136	9.7957	9.198	8.6201	8.0621	7.5237	7.0049	
9.1883	8.6636	8.6201	8.1537	8.0621	7.6588	7.5237	7.1787	7.0049	6.7137	
7.6588	7.1787	6.7137	6.2637	6.0255	5.8288	5.5647	5.409	5.123	5.0044	
9.7278	8.6636	8.6201	8.1537	8.0621	7.6588	7.5237	7.1787	7.0049	6.7137	
9.1883	8.6636	8.1537	7.6588	7.5237	7.1787	7.0049	6.7137	6.5055	6.2637	
8.6201	8.0621	7.6588	7.5237	7.1787	7.0049	6.7137	6.5055	6.2637	6.0255	
9.7957	9.198	8.6201	8.0621	7.5237	7.0049	6.5055	6.2637	6.0255	5.8288	
7.5237	7.0049	6.7137	6.5055	6.2637	6.0255	5.8288	5.5647	5.409	5.123	
9.7278	9.1883	8.6636	8.1537	8.0621	7.6588	7.5237	7.1787	7.0049	6.7137	
9.7957	9.198	9.1883	8.6636	8.6201	8.1537	8.0621	7.5237	7.1787	7.0049	
9.1883	8.6636	8.1537	7.6588	7.5237	7.1787	7.0049	6.7137	6.5055	6.2637	
13.0877	12.3885	11.7098	11.0515	10.4136	9.7957	9.198	8.6201	8.0621	7.5237	
7.0049	6.5055	6.0255	5.5647	5.409	5.123	5.0044	4.7003	4.6151	4.2965	
12.6453	12.0326	11.4344	10.8509	10.282	9.7278	9.198	9.1883	8.6636	8.6201	
12.3885	11.7098	11.0515	10.4136	9.7957	9.198	8.6201	8.0621	7.5237	7.1787	
11.0515	10.4136	9.7957	9.198	8.6636	8.6201	8.1537	8.0621	7.6588	7.5237	
12.6453	12.0326	11.4344	10.8509	10.282	9.7278	9.1883	8.6636	8.1537	7.6588	
10.282	9.7278	9.1883	8.6636	8.1537	8.0621	7.6588	7.5237	7.1787	7.0049	
9.7278	9.1883	8.6636	8.1537	8.0621	7.6588	7.5237	7.1787	7.0049	6.7137	
7.5237	7.0049	6.5055	6.2637	6.0255	5.8288	5.5647	5.409	5.123	5.0044	
9.198	8.6201	8.0621	7.5237	7.0049	6.7137	6.5055	6.2637	6.0255	5.8288	
8.0621	7.5237	7.1787	7.0049	6.7137	6.5055	6.2637	6.0255	5.8288	5.5647	
12.0326	11.4344	10.8509	10.282	9.7278	9.1883	8.6636	8.1537	8.0621	7.6588	
11.0515	10.4136	9.7957	9.198	8.6201	8.1537	8.0621	7.6588	7.5237	7.1787	
9.1883	8.6636	8.1537	8.0621	7.6588	7.5237	7.1787	7.0049	6.7137	6.5055	
8.6201	8.0621	7.5237	7.0049	6.5055	6.0255	5.5647	5.123	4.7003	4.6151	
9.7957	9.198	8.6201	8.1537	8.0621	7.6588	7.5237	7.1787	7.0049	6.7137	
8.6636	8.1537	8.0621	7.6588	7.5237	7.1787	7.0049	6.7137	6.5055	6.2637	
11.7098	11.0515	10.4136	9.7957	9.198	8.6201	8.1537	8.0621	7.6588	7.5237	
15.31	14.5483	13.8076	13.0877	12.3885	11.7098	11.0515	10.4136	9.7957	9.198	
10.8509	10.282	9.7278	9.1883	8.6636	8.1537	7.6588	7.1787	7.0049	6.7137	
11.0515	10.8509	10.4136	10.282	9.7957	9.7278	9.198	9.1883	8.6636	8.6201	
9.1883	8.6636	8.6201	8.1537	8.0621	7.6588	7.5237	7.1787	7.0049	6.7137	
12.3885	11.7098	11.0515	10.4136	9.7957	9.198	9.1883	8.6636	8.6201	8.1537	
11.4344	10.8509	10.282	9.7278	9.1883	8.6636	8.1537	8.0621	7.6588	7.5237	
13.0877	12.3885	11.7098	11.0515	10.4136	9.7957	9.198	8.6201	8.1537	8.0621	
12.0326	11.4344	10.8509	10.282	9.7278	9.1883	8.6636	8.1537	7.6588	7.1787	
8.6636	8.1537	7.6588	7.1787	6.7137	6.5055	6.2637	6.0255	5.8288	5.5647	
10.282	9.7278	9.1883	8.6636	8.1537	7.6588	7.5237	7.1787	7.0049	6.7137	
16.0928	15.31	14.5483	13.8076	13.0877	12.3885	11.7098	11.0515	10.4136	9.7957	
14.5483	13.8076	13.0877	12.3885	11.7098	11.0515	10.4136	9.7957	9.198	8.6636	
13.2725	12.6453	12.0326	11.4344	10.8509	10.4136	10.282	9.7957	9.7278	9.198	
9.7957	9.198	8.6201	8.0621	7.5237	7.1787	7.0049	6.7137	6.5055	6.2637	
9.7957	9.198	8.6201	8.1537	8.0621	7.6588	7.5237	7.1787	7.0049	6.7137	
9.7957	9.198	8.6636	8.6201	8.1537	8.0621	7.6588	7.5237	7.1787	7.0049	
13.8076	13.0877	12.3885	11.7098	11.0515	10.4136	9.7957	9.198	9.1883	8.6636	
8.6636	8.1537	7.6588	7.1787	6.7137	6.5055	6.2637	6.0255	5.8288	5.5647	
13.8076	13.0877	12.3885	11.7098	11.0515	10.4136	9.7957	9.198	8.6201	8.1537	
13.0877	12.3885	11.7098	11.0515	10.8509	10.4136	10.282	9.7957	9.7278	9.198	
13.0877	12.3885	11.7098	11.0515	10.4136	9.7957	9.198	8.6636	8.6201	8.1537	
11.0515	10.4136	9.7957	9.198	8.6201	8.0621	7.5237	7.0049	6.5055	6.2637	
14.5483	13.8076	13.0877	12.3885	11.7098	11.0515	10.4136	9.7957	9.198	8.6201	
8.0621	7.5237	7.1787	7.0049	6.7137	6.5055	6.2637	6.0255	5.8288	5.5647	
13.0877	12.3885	11.7098	11.0515	10.4136	10.282	9.7957	9.7278	9.198	9.1883	
13.0877	12.3885	11.7098	11.4344	11.0515	10.8509	10.4136	10.282	9.7957	9.7278	
9.7957	9.198	8.6201	8.1537	8.0621	7.6588	7.5237	7.1787	7.0049	6.7137	
13.2725	12.6453	12.0326	11.4344	10.8509	10.282	9.7278	9.1883	8.6636	8.6201	
10.282	9.7278	9.1883	8.6636	8.6201	8.1537	8.0621	7.6588	7.5237	7.1787	
12.0326	11.4344	10.8509	10.282	9.7278	9.1883	8.6636	8.1537	7.6588	7.5237	
10.8509	10.282	9.7278	9.1883	8.6636	8.1537	7.6588	7.5237	7.1787	7.0049	
9.7957	9.198	8.6201	8.0621	7.5237	7.0049	6.5055	6.2637	6.0255	5.8288	
11.0515	10.4136	9.7957	9.7278	9.198	9.1883	8.6636	8.6201	8.1537	8.0621	
11.7098	11.0515	10.8509	10.4136	10.282	9.7957	9.7278	9.198	9.1883	8.6636	
8.6636	8.1537	7.6588	7.1787	7.0049	6.7137	6.5055	6.2637	6.0255	5.8288	
9.1883	8.6636	8.1537	7.6588	7.1787	6.7137	6.5055	6.2637	6.0255	5.8288	
9.1883	8.6636	8.6201	8.1537	8.0621	7.6588	7.5237	7.1787	7.0049	6.7137	
10.4136	9.7957	9.198	8.6201	8.0621	7.6588	7.5237	7.1787	7.0049	6.7137	
10.4136	9.7957	9.7278	9.198	9.1883	8.6636	8.6201	8.1537	8.0621	7.6588	
10.4136	9.7957	9.198	8.6201	8.0621	7.5237	7.1787	7.0049	6.7137	6.5055	
9.7957	9.198	8.6201	8.0621	7.5237	7.0049	6.5055	6.2637	6.0255	5.8288	
8.6201	8.0621	7.5237	7.0049	6.7137	6.5055	6.2637	6.0255	5.8288	5.5647	
11.0515	10.4136	10.282	9.7957	9.7278	9.198	9.1883	8.6636	8.6201	8.1537	
10.4136	9.7957	9.198	8.6201	8.0621	7.5237	7.0049	6.5055	6.0255	5.5647	
11.7098	11.0515	10.4136	9.7957	9.198	8.6201	8.0621	7.5237	7.1787	7.0049	
10.4136	9.7957	9.198	8.6636	8.6201	8.1537	8.0621	7.6588	7.5237	7.1787	
11.7098	11.0515	10.4136	9.7957	9.7278	9.198	9.1883	8.6636	8.6201	8.1537	
10.8509	10.4136	10.282	9.7957	9.7278	9.198	9.1883	8.6636	8.6201	8.1537	
9.198	9.1883	8.6636	8.6201	8.1537	8.0621	7.6588	7.5237	7.1787	7.0049	
10.282	9.7278	9.1883	8.6636	8.1537	7.6588	7.1787	7.0049	6.7137	6.5055	
9.1883	8.6636	8.1537	7.6588	7.1787	7.0049	6.7137	6.5055	6.2637	6.0255	
12.6453	12.0326	11.4344	10.8509	10.282	9.7278	9.198	9.1883	8.6636	8.6201	
12.6453	12.0326	11.4344	10.8509	10.4136	10.282	9.7957	9.7278	9.198	9.1883	
9.7278	9.1883	8.6636	8.6201	8.1537	8.0621	7.6588	7.5237	7.1787	7.0049	
13.8076	13.0877	12.3885	11.7098	11.4344	11.0515	10.8509	10.4136	10.282	9.7957	
10.4136	9.7957	9.198	8.6201	8.1537	8.0621	7.6588	7.5237	7.1787	7.0049	
17.7222	16.8968	16.0928	15.31	14.5483	13.8076	13.2725	13.0877	12.6453	12.3885	
8.6201	8.1537	8.0621	7.6588	7.5237	7.1787	7.0049	6.7137	6.5055	6.2637	
6.7137	6.5055	6.2637	6.0255	5.8288	5.5647	5.409	5.123	5.0044	4.7003	
11.0515	10.4136	9.7957	9.198	8.6201	8.1537	8.0621	7.6588	7.5237	7.1787	
9.198	8.6201	8.0621	7.6588	7.5237	7.1787	7.0049	6.7137	6.5055	6.2637	
8.6636	8.1537	8.0621	7.6588	7.5237	7.1787	7.0049	6.7137	6.5055	6.2637	
8.6636	8.1537	7.6588	7.1787	7.0049	6.7137	6.5055	6.2637	6.0255	5.8288	
9.7957	9.198	8.6201	8.1537	8.0621	7.6588	7.5237	7.1787	7.0049	6.7137	
11.0515	10.8509	10.4136	10.282	9.7957	9.7278	9.198	9.1883	8.6636	8.6201	
11.4344	11.0515	10.8509	10.4136	10.282	9.7957	9.7278	9.198	9.1883	8.6636	
11.4344	11.0515	10.8509	10.4136	10.282	9.7957	9.7278	9.198	9.1883	8.6636	
12.0326	11.4344	10.8509	10.282	9.7278	9.198	9.1883	8.6636	8.6201	8.1537	
11.4344	10.8509	10.4136	10.282	9.7957	9.7278	9.198	9.1883	8.6636	8.6201	
12.0326	11.4344	10.8509	10.4136	10.282	9.7957	9.7278	9.198	9.1883	8.6636	
11.7098	11.0515	10.4136	9.7957	9.198	8.6201	8.0621	7.5237	7.0049	6.7137	
7.5237	7.1787	7.0049	6.7137	6.5055	6.2637	6.0255	5.8288	5.5647	5.409	
9.198	9.1883	8.6636	8.6201	8.1537	8.0621	7.6588	7.5237	7.1787	7.0049	
8.1537	7.6588	7.1787	7.0049	6.7137	6.5055	6.2637	6.0255	5.8288	5.5647	
8.6201	8.0621	7.5237	7.0049	6.5055	6.2637	6.0255	5.8288	5.5647	5.409	
12.0326	11.4344	10.8509	10.282	9.7278	9.198	9.1883	8.6636	8.6201	8.1537	
10.282	9.7278	9.198	9.1883	8.6636	8.6201	8.1537	8.0621	7.6588	7.5237	
10.282	9.7278	9.1883	8.6636	8.1537	7.6588	7.5237	7.1787	7.0049	6.7137	
10.4136	9.7957	9.198	9.1883	8.6636	8.6201	8.1537	8.0621	7.6588	7.5237	
7.6588	7.1787	7.0049	6.7137	6.5055	6.2637	6.0255	5.8288	5.5647	5.409	
9.1883	8.6636	8.1537	8.0621	7.6588	7.5237	7.1787	7.0049	6.7137	6.5055	
12.6453	11.4344	10.8509	10.282	9.7278	9.198	9.1883	8.6636	8.6201	8.1537	
12.6453	12.0326	11.4344	10.8509	10.282	9.7278	9.1883	8.6636	8.1537	7.6588	
12.0326	11.4344	10.8509	10.4136	10.282	9.7957	9.7278	9.198	9.1883	8.6636	
9.7957	9.198	8.6636	8.6201	8.1537	8.0621	7.6588	7.5237	7.1787	7.0049	
9.1883	8.6636	8.1537	7.6588	7.1787	7.0049	6.7137	6.5055	6.2637	6.0255	
11.0515	10.4136	9.7957	9.198	9.1883	8.6636	8.6201	8.1537	8.0621	7.6588	
9.7278	8.6636	8.1537	8.0621	7.6588	7.5237	7.1787	7.0049	6.7137	6.5055	
11.0515	10.4136	9.7957	9.198	8.6636	8.6201	8.1537	8.0621	7.6588	7.5237	
12.3885	11.7098	11.0515	10.4136	9.7957	9.198	8.6201	8.1537	8.0621	7.6588	
12.6453	12.0326	11.4344	10.8509	10.282	9.7278	9.1883	8.6636	8.1537	7.6588	
13.0877	12.3885	11.7098	11.0515	10.4136	10.282	9.7957	9.7278	9.198	9.1883	
9.198	8.6201	8.0621	7.5237	7.1787	7.0049	6.7137	6.5055	6.2637	6.0255	
10.282	9.7278	9.1883	8.6636	8.6201	8.1537	8.0621	7.6588	7.5237	7.1787	
8.6636	8.1537	7.6588	7.1787	6.7137	6.2637	6.0255	5.8288	5.5647	5.409	
10.282	9.7278	9.1883	8.6636	8.6201	8.1537	8.0621	7.6588	7.5237	7.1787	
15.2406	14.5702	13.9141	13.2725	12.6453	12.0326	11.7098	11.4344	11.0515	10.8509	
9.7278	9.198	9.1883	8.6636	8.6201	8.1537	8.0621	7.6588	7.5237	7.1787	
12.3885	11.7098	11.4344	11.0515	10.8509	10.4136	10.282	9.7957	9.7278	9.198	
8.6636	8.1537	8.0621	7.6588	7.5237	7.1787	7.0049	6.7137	6.5055	6.2637	
13.2725	12.6453	12.0326	11.7098	11.4344	11.0515	10.8509	10.4136	10.282	9.7957	
9.198	8.6201	8.1537	8.0621	7.6588	7.5237	7.1787	7.0049	6.7137	6.5055	
11.4344	10.8509	10.282	9.7278	9.1883	8.6636	8.6201	8.1537	8.0621	7.6588	
11.7098	11.0515	10.4136	9.7957	9.198	8.6201	8.0621	7.5237	7.1787	7.0049	
12.3885	11.7098	11.0515	10.4136	9.7957	9.198	8.6201	8.1537	8.0621	7.6588	
11.7098	11.0515	10.4136	9.7957	9.198	8.6201	8.1537	8.0621	7.6588	7.5237	
9.7957	9.198	9.1883	8.6636	8.6201	8.1537	8.0621	7.6588	7.5237	7.1787	
10.8509	10.282	9.7278	9.1883	8.6636	8.1537	7.6588	7.5237	7.1787	7.0049	
8.6636	8.1537	7.6588	7.1787	6.7137	6.5055	6.2637	6.0255	5.8288	5.5647	
8.6636	8.1537	7.6588	7.5237	7.1787	7.0049	6.7137	6.5055	6.2637	6.0255	
11.0515	10.4136	9.7957	9.198	8.6201	8.0621	7.5237	7.0049	6.7137	6.5055	
16.8968	16.0928	15.31	14.5483	13.8076	13.2725	13.0877	12.6453	12.3885	12.0326	
8.0621	7.6588	7.5237	7.1787	7.0049	6.7137	6.5055	6.2637	6.0255	5.8288	
8.6201	8.0621	7.5237	7.0049	6.5055	6.2637	6.0255	5.8288	5.5647	5.409	
9.7957	9.198	8.6201	8.0621	7.5237	7.0049	6.7137	6.5055	6.2637	6.0255	
12.3885	12.0326	11.7098	11.4344	11.0515	10.8509	10.4136	10.282	9.7957	9.7278	
7.5237	7.0049	6.5055	6.2637	6.0255	5.8288	5.5647	5.409	5.123	5.0044	
8.1537	7.6588	7.1787	6.7137	6.2637	6.0255	5.8288	5.5647	5.409	5.123	
7.5237	7.0049	6.7137	6.5055	6.2637	6.0255	5.8288	5.5647	5.409	5.123	
11.7098	11.4344	11.0515	10.8509	10.4136	10.282	9.7957	9.7278	9.198	9.1883	
7.5237	7.0049	6.5055	6.0255	5.8288	5.5647	5.409	5.123	5.0044	4.7003	
7.1787	6.7137	6.5055	6.2637	6.0255	5.8288	5.5647	5.409	5.123	5.0044	
12.3885	11.7098	11.0515	10.4136	9.7957	9.198	8.6201	8.0621	7.5237	7.0049	
13.0877	12.3885	11.7098	11.0515	10.4136	9.7957	9.198	9.1883	8.6636	8.6201	
13.9141	12.6453	12.0326	11.4344	11.0515	10.8509	10.4136	10.282	9.7957	9.7278	
11.4344	10.8509	10.4136	10.282	9.7957	9.7278	9.198	9.1883	8.6636	8.6201	
10.8509	10.4136	10.282	9.7957	9.7278	9.198	9.1883	8.6636	8.6201	8.1537	
9.7278	9.1883	8.6636	8.1537	7.6588	7.5237	7.1787	7.0049	6.7137	6.5055	
8.0621	7.5237	7.0049	6.7137	6.5055	6.2637	6.0255	5.8288	5.5647	5.409	
9.7957	9.198	8.6201	8.0621	7.5237	7.1787	7.0049	6.7137	6.5055	6.2637	
10.4136	9.7957	9.198	8.6201	8.0621	7.5237	7.0049	6.7137	6.5055	6.2637	
10.4136	9.7957	9.198	8.6201	8.0621	7.5237	7.0049	6.5055	6.2637	6.0255	
14.5483	13.8076	13.0877	12.3885	11.7098	11.0515	10.4136	9.7957	9.198	8.6201	
8.6201	8.0621	7.6588	7.5237	7.1787	7.0049	6.7137	6.5055	6.2637	6.0255	
7.1787	6.7137	6.5055	6.2637	6.0255	5.8288	5.5647	5.409	5.123	5.0044	
10.4136	10.282	9.7957	9.7278	9.198	9.1883	8.6636	8.6201	8.1537	8.0621	
13.0877	12.3885	11.7098	11.0515	10.4136	9.7957	9.198	8.6636	8.6201	8.1537	
11.4344	10.8509	10.4136	10.282	9.7957	9.7278	9.198	9.1883	8.6636	8.6201	
9.7278	9.1883	8.6636	8.1537	7.6588	7.1787	6.7137	6.2637	6.0255	5.8288	
9.7278	9.1883	8.6636	8.1537	7.6588	7.1787	7.0049	6.7137	6.5055	6.2637	
9.1883	8.6636	8.1537	7.6588	7.1787	7.0049	6.7137	6.5055	6.2637	6.0255	
9.7957	9.198	9.1883	8.6636	8.6201	8.1537	8.0621	7.6588	7.5237	7.1787	
8.1537	8.0621	7.6588	7.5237	7.1787	7.0049	6.7137	6.5055	6.2637	6.0255	
7.1787	6.7137	6.2637	6.0255	5.8288	5.5647	5.409	5.123	5.0044	4.7003	
12.3885	11.7098	11.0515	10.4136	9.7957	9.198	8.6201	8.1537	8.0621	7.6588	
8.1537	7.6588	7.5237	7.1787	7.0049	6.7137	6.5055	6.2637	6.0255	5.8288	
13.8076	13.0877	12.3885	11.7098	11.0515	10.4136	9.7957	9.7278	9.198	9.1883	
10.4136	9.7957	9.198	9.1883	8.6636	8.6201	8.1537	8.0621	7.6588	7.5237	
9.7278	9.1883	8.6636	8.1537	7.6588	7.5237	7.1787	7.0049	6.7137	6.5055	
8.6201	8.1537	8.0621	7.6588	7.5237	7.1787	7.0049	6.7137	6.5055	6.2637	
13.2725	12.6453	12.0326	11.4344	10.8509	10.282	9.7957	9.7278	9.198	9.1883	
13.9141	13.2725	12.6453	12.0326	11.4344	10.8509	10.282	9.7278	9.1883	8.6636	
11.0515	10.4136	9.7957	9.198	8.6201	8.0621	7.5237	7.1787	7.0049	6.7137	
9.7278	9.1883	8.6636	8.1537	8.0621	7.6588	7.5237	7.1787	7.0049	6.7137	
8.6636	8.1537	7.6588	7.1787	7.0049	6.7137	6.5055	6.2637	6.0255	5.8288	
6.2637	5.8288	5.5647	5.409	5.123	5.0044	4.7003	4.6151	4.2965	4.2411	
17.3377	16.6244	15.9254	15.2406	14.5702	13.9141	13.2725	12.6453	12.0326	11.4344	
9.1883	8.1537	7.6588	7.5237	7.1787	7.0049	6.7137	6.5055	6.2637	6.0255	
8.6636	8.6201	8.1537	8.0621	7.6588	7.5237	7.1787	7.0049	6.7137	6.5055	
12.6453	12.0326	11.4344	10.8509	10.282	9.7957	9.7278	9.198	9.1883	8.6636	
8.1537	7.6588	7.1787	7.0049	6.7137	6.5055	6.2637	6.0255	5.8288	5.5647	
7.5237	7.0049	6.5055	6.2637	6.0255	5.8288	5.5647	5.409	5.123	5.0044	
15.31	14.5483	13.8076	13.0877	12.3885	11.7098	11.0515	10.4136	9.7957	9.198	
12.3885	11.7098	11.0515	10.4136	10.282	9.7957	9.7278	9.198	9.1883	8.6636	
8.0621	7.5237	7.0049	6.5055	6.2637	6.0255	5.8288	5.5647	5.409	5.123	
12.6453	12.0326	11.7098	11.4344	11.0515	10.8509	10.4136	10.282	9.7957	9.7278	
9.198	9.1883	8.6636	8.6201	8.1537	8.0621	7.6588	7.5237	7.1787	7.0049	
12.0326	11.4344	10.8509	10.282	9.7278	9.1883	8.6636	8.6201	8.1537	8.0621	
13.8076	13.0877	12.3885	11.7098	11.0515	10.4136	9.7957	9.198	8.6636	8.6201	
9.198	8.6201	8.0621	7.6588	7.5237	7.1787	7.0049	6.7137	6.5055	6.2637	
11.0515	10.4136	9.7957	9.7278	9.198	9.1883	8.6636	8.6201	8.1537	8.0621	
10.282	9.7957	9.7278	9.198	9.1883	8.6636	8.6201	8.1537	8.0621	7.6588	
9.7278	9.1883	8.6636	8.1537	7.6588	7.5237	7.1787	7.0049	6.7137	6.5055	
11.7098	11.0515	10.4136	9.7957	9.198	9.1883	8.6636	8.6201	8.1537	8.0621	
9.1883	8.6636	8.1537	7.6588	7.5237	7.1787	7.0049	6.7137	6.5055	6.2637	
8.6636	8.1537	8.0621	7.6588	7.5237	7.1787	7.0049	6.7137	6.5055	6.2637	
13.0877	12.3885	11.7098	11.0515	10.8509	10.4136	10.282	9.7957	9.7278	9.198	
13.8076	13.0877	12.3885	11.7098	11.4344	11.0515	10.8509	10.4136	10.282	9.7957	
11.0515	10.4136	9.7957	9.198	8.6201	8.0621	7.5237	7.1787	7.0049	6.7137	
12.6453	12.0326	11.4344	10.8509	10.282	9.7278	9.198	9.1883	8.6636	8.6201	
16.8968	16.0928	15.31	14.5483	13.8076	13.0877	12.3885	11.7098	11.0515	10.4136	
8.6636	8.6201	8.1537	8.0621	7.6588	7.5237	7.1787	7.0049	6.7137	6.5055	
9.7957	9.198	8.6636	8.6201	8.1537	8.0621	7.6588	7.5237	7.1787	7.0049	
10.282	9.7278	9.1883	8.6636	8.1537	7.6588	7.5237	7.1787	7.0049	6.7137	
7.5237	7.1787	7.0049	6.7137	6.5055	6.2637	6.0255	5.8288	5.5647	5.409	
10.4136	9.7957	9.198	8.6201	8.1537	8.0621	7.6588	7.5237	7.1787	7.0049	
10.4136	10.282	9.7957	9.7278	9.198	9.1883	8.6636	8.6201	8.1537	8.0621	
15.31	14.5483	13.8076	13.0877	12.3885	11.7098	11.0515	10.4136	9.7957	9.198	
12.0326	11.4344	10.8509	10.282	9.7278	9.198	9.1883	8.6636	8.6201	8.1537	
9.7957	9.7278	9.198	9.1883	8.6636	8.6201	8.1537	8.0621	7.6588	7.5237	
8.1537	7.6588	7.1787	6.7137	6.2637	6.0255	5.8288	5.5647	5.409	5.123	
10.282	9.7278	9.198	9.1883	8.6636	8.6201	8.1537	8.0621	7.6588	7.5237	
10.4136	9.7957	9.198	8.6201	8.0621	7.5237	7.1787	7.0049	6.7137	6.5055	
10.4136	9.7957	9.198	8.6636	8.6201	8.1537	8.0621	7.6588	7.5237	7.1787	
9.198	8.6201	8.1537	8.0621	7.6588	7.5237	7.1787	7.0049	6.7137	6.5055	
9.7278	9.1883	8.6636	8.1537	8.0621	7.6588	7.5237	7.1787	7.0049	6.7137	
9.1883	8.6636	8.1537	7.6588	7.1787	6.7137	6.2637	6.0255	5.8288	5.5647	
14.5483	13.8076	13.0877	12.3885	11.7098	11.0515	10.4136	10.282	9.7957	9.7278	
13.0877	12.3885	11.7098	11.0515	10.4136	9.7957	9.7278	9.198	9.1883	8.6636	
11.0515	10.4136	9.7957	9.7278	9.198	9.1883	8.6636	8.6201	8.1537	8.0621	
11.7098	11.0515	10.8509	10.4136	10.282	9.7957	9.7278	9.198	9.1883	8.6636	
8.0621	7.5237	7.0049	6.7137	6.5055	6.2637	6.0255	5.8288	5.5647	5.409	
10.282	9.7278	9.1883	8.6636	8.6201	8.1537	8.0621	7.6588	7.5237	7.1787	
8.0621	7.5237	7.0049	6.7137	6.5055	6.2637	6.0255	5.8288	5.5647	5.409	
9.7957	9.7278	9.198	9.1883	8.6636	8.6201	8.1537	8.0621	7.6588	7.5237	
12.0326	11.4344	10.8509	10.282	9.7278	9.1883	8.6636	8.1537	7.6588	7.5237	
7.6588	7.5237	7.1787	7.0049	6.7137	6.5055	6.2637	6.0255	5.8288	5.5647	
11.7098	11.0515	10.4136	9.7957	9.198	8.6201	8.0621	7.5237	7.1787	7.0049	
9.1883	8.6636	8.6201	8.1537	8.0621	7.6588	7.5237	7.1787	7.0049	6.7137	
8.0621	7.5237	7.0049	6.5055	6.2637	6.0255	5.8288	5.5647	5.409	5.123	
11.4344	10.8509	10.4136	10.282	9.7957	9.7278	9.198	9.1883	8.6636	8.6201	
13.0877	12.3885	12.0326	11.7098	11.0515	10.8509	10.4136	10.282	9.7957	9.7278	
10.8509	10.282	9.7278	9.1883	8.6636	8.1537	7.6588	7.5237	7.1787	7.0049	
9.7957	9.198	8.6201	8.0621	7.6588	7.5237	7.1787	7.0049	6.7137	6.5055	
9.198	8.6201	8.0621	7.5237	7.0049	6.5055	6.2637	6.0255	5.8288	5.5647	
7.5237	7.0049	6.5055	6.2637	6.0255	5.8288	5.5647	5.409	5.123	5.0044	
8.6201	8.0621	7.5237	7.0049	6.5055	6.2637	6.0255	5.8288	5.5647	5.409	
11.0515	10.4136	9.7957	9.198	9.1883	8.6636	8.6201	8.1537	8.0621	7.6588	
13.9141	13.2725	12.6453	12.0326	11.4344	10.8509	10.282	9.7278	9.1883	8.6636	
19.4377	18.5691	17.7222	16.8968	16.0928	15.31	14.5483	13.8076	13.0877	12.3885	
9.1883	8.6636	8.1537	7.6588	7.1787	6.7137	6.5055	6.2637	6.0255	5.8288	
11.7098	11.0515	10.8509	10.4136	10.282	9.7957	9.7278	9.198	9.1883	8.6636	
10.4136	9.7957	9.198	9.1883	8.6636	8.6201	8.1537	8.0621	7.6588	7.1787	
7.1787	7.0049	6.7137	6.5055	6.2637	6.0255	5.8288	5.5647	5.409	5.123	
8.1537	8.0621	7.6588	7.5237	7.1787	7.0049	6.7137	6.5055	6.2637	6.0255	
8.6636	8.1537	7.6588	7.5237	7.1787	7.0049	6.7137	6.5055	6.2637	6.0255	
13.8076	13.0877	12.3885	11.7098	11.0515	10.4136	9.7957	9.198	8.6201	8.0621	
8.1537	8.0621	7.6588	7.5237	7.1787	7.0049	6.7137	6.5055	6.2637	6.0255	
8.6636	8.1537	7.6588	7.5237	7.1787	7.0049	6.7137	6.5055	6.2637	6.0255	
10.4136	9.7957	9.198	8.6201	8.0621	7.6588	7.5237	7.1787	7.0049	6.7137	
11.4344	10.8509	10.4136	10.282	9.7957	9.7278	9.198	9.1883	8.6636	8.6201	
10.282	9.7278	9.1883	8.6636	8.6201	8.1537	8.0621	7.6588	7.5237	7.1787	
9.7957	9.198	8.6636	8.6201	8.1537	8.0621	7.6588	7.5237	7.1787	7.0049	
11.7098	11.0515	10.8509	10.4136	10.282	9.7957	9.7278	9.198	9.1883	8.6636	
8.0621	7.6588	7.5237	7.1787	7.0049	6.7137	6.5055	6.2637	6.0255	5.8288	
9.7278	9.1883	8.6636	8.1537	8.0621	7.6588	7.5237	7.1787	7.0049	6.7137	
8.6636	8.6201	8.1537	8.0621	7.6588	7.5237	7.1787	7.0049	6.7137	6.5055	
8.1537	7.6588	7.1787	7.0049	6.7137	6.5055	6.2637	6.0255	5.8288	5.5647	
12.0326	11.4344	10.8509	10.282	9.7278	9.1883	8.6636	8.6201	8.1537	8.0621	
10.8509	10.282	9.7278	9.1883	8.6636	8.1537	7.6588	7.1787	7.0049	6.7137	
11.7098	11.0515	10.4136	9.7957	9.198	8.6201	8.0621	7.5237	7.0049	6.5055	
9.7278	9.1883	8.6636	8.1537	7.6588	7.1787	7.0049	6.7137	6.5055	6.2637	
10.8509	10.282	9.7278	9.1883	8.6636	8.6201	8.1537	8.0621	7.6588	7.5237	
11.4344	10.8509	10.282	9.7278	9.1883	8.6636	8.1537	7.6588	7.1787	6.7137	
13.8076	13.0877	12.3885	11.7098	11.0515	10.8509	10.4136	10.282	9.7957	9.7278	
8.6636	8.6201	8.1537	8.0621	7.6588	7.5237	7.1787	7.0049	6.7137	6.5055	
9.7957	9.198	8.6201	8.0621	7.6588	7.5237	7.1787	7.0049	6.7137	6.5055	
9.198	9.1883	8.6636	8.6201	8.1537	8.0621	7.6588	7.5237	7.1787	7.0049	
10.282	9.7278	9.1883	8.6636	8.1537	8.0621	7.6588	7.5237	7.1787	7.0049	
10.282	9.7278	9.198	9.1883	8.6636	8.6201	8.1537	8.0621	7.6588	7.5237	
12.0326	11.4344	10.8509	10.4136	10.282	9.7957	9.7278	9.198	9.1883	8.6636	
16.8968	16.0928	15.31	14.5483	13.8076	13.0877	12.3885	11.7098	11.0515	10.4136	
7.6588	7.1787	6.7137	6.2637	6.0255	5.8288	5.5647	5.409	5.123	5.0044	
8.6201	8.0621	7.5237	7.1787	7.0049	6.7137	6.5055	6.2637	6.0255	5.8288	
10.282	9.7957	9.7278	9.198	9.1883	8.6636	8.6201	8.1537	8.0621	7.6588	
9.198	8.6201	8.0621	7.6588	7.5237	7.1787	7.0049	6.7137	6.5055	6.2637	
8.6636	8.1537	7.6588	7.5237	7.1787	7.0049	6.7137	6.5055	6.2637	6.0255	
10.4136	9.7957	9.198	8.6636	8.6201	8.1537	8.0621	7.6588	7.5237	7.1787	
8.0621	7.5237	7.0049	6.7137	6.5055	6.2637	6.0255	5.8288	5.5647	5.409	
9.7278	9.1883	8.6636	8.1537	8.0621	7.6588	7.5237	7.1787	7.0049	6.7137	
9.1883	8.6636	8.1537	7.6588	7.1787	7.0049	6.7137	6.5055	6.2637	6.0255	
12.3885	11.4344	11.0515	10.8509	10.4136	10.282	9.7957	9.7278	9.198	9.1883	
8.6636	8.6201	8.1537	8.0621	7.6588	7.5237	7.1787	7.0049	6.7137	6.5055	
10.8509	10.282	9.7957	9.198	9.1883	8.6636	8.6201	8.1537	8.0621	7.6588	
10.8509	10.282	9.7957	9.7278	9.198	9.1883	8.6636	8.6201	8.1537	8.0621	
11.7098	11.4344	11.0515	10.8509	10.4136	10.282	9.7957	9.7278	9.198	9.1883	
12.6453	12.0326	11.4344	10.8509	10.282	9.7278	9.198	9.1883	8.6636	8.6201	
11.4344	10.8509	10.282	9.7278	9.1883	8.6636	8.6201	8.1537	8.0621	7.6588	
11.4344	10.8509	10.282	9.7957	9.7278	9.198	9.1883	8.6636	8.6201	8.1537	
8.1537	7.6588	7.1787	7.0049	6.7137	6.5055	6.2637	6.0255	5.8288	5.5647	
8.6201	8.0621	7.5237	7.0049	6.5055	6.0255	5.8288	5.5647	5.409	5.123	
10.282	9.7278	9.1883	8.6636	8.1537	8.0621	7.6588	7.5237	7.1787	7.0049	
9.198	9.1883	8.6636	8.6201	8.1537	8.0621	7.6588	7.5237	7.1787	7.0049	
9.1883	8.6636	8.1537	8.0621	7.6588	7.5237	7.1787	7.0049	6.7137	6.5055	
10.4136	9.7957	9.198	8.6201	8.0621	7.6588	7.5237	7.1787	7.0049	6.7137	
8.0621	7.5237	7.0049	6.7137	6.5055	6.2637	6.0255	5.8288	5.5647	5.409	
9.1883	8.6636	8.6201	8.1537	8.0621	7.6588	7.5237	7.1787	7.0049	6.7137	
8.0621	7.5237	7.0049	6.5055	6.0255	5.8288	5.5647	5.409	5.123	5.0044	
7.6588	7.1787	6.7137	6.2637	6.0255	5.8288	5.5647	5.409	5.123	5.0044	
12.3885	11.7098	11.0515	10.4136	9.7957	9.198	8.6201	8.1537	8.0621	7.6588	
17.3377	16.6244	15.9254	15.2406	14.5702	13.9141	13.2725	12.6453	12.0326	11.4344	
8.1537	7.6588	7.1787	6.7137	6.5055	6.2637	6.0255	5.8288	5.5647	5.409	
12.0326	11.4344	11.0515	10.8509	10.4136	10.282	9.7957	9.7278	9.198	9.1883	
11.7098	11.0515	10.4136	9.7957	9.198	8.6201	8.0621	7.5237	7.1787	7.0049	
10.8509	10.282	9.7278	9.1883	8.6636	8.6201	8.1537	8.0621	7.6588	7.5237	
9.198	8.6201	8.0621	7.6588	7.5237	7.1787	7.0049	6.7137	6.5055	6.2637	
9.198	8.6201	8.1537	8.0621	7.6588	7.5237	7.1787	7.0049	6.7137	6.5055	
9.1883	8.6636	8.1537	8.0621	7.6588	7.5237	7.1787	7.0049	6.7137	6.5055	
13.2725	12.6453	12.0326	11.4344	10.8509	10.4136	10.282	9.7957	9.7278	9.198	
11.4344	10.8509	10.282	9.7278	9.198	9.1883	8.6636	8.6201	8.1537	8.0621	
10.282	9.7278	9.1883	8.6636	8.1537	7.6588	7.1787	6.7137	6.5055	6.2637	
8.1537	8.0621	7.6588	7.5237	7.1787	7.0049	6.7137	6.5055	6.2637	6.0255	
11.4344	10.8509	10.282	9.7957	9.7278	9.198	9.1883	8.6636	8.6201	8.1537	
10.8509	10.4136	10.282	9.7957	9.7278	9.198	9.1883	8.6636	8.6201	8.1537	
15.31	14.5483	13.8076	13.0877	12.3885	11.7098	11.0515	10.4136	9.7957	9.198	
11.4344	10.8509	10.282	9.7957	9.7278	9.198	9.1883	8.6636	8.6201	8.1537	
10.4136	9.7957	9.198	8.6201	8.0621	7.6588	7.5237	7.1787	7.0049	6.7137	
11.0515	10.4136	9.7957	9.198	8.6201	8.0621	7.5237	7.0049	6.7137	6.5055	
13.8076	13.0877	12.3885	11.7098	11.0515	10.4136	9.7957	9.198	8.6201	8.0621	
10.282	9.7278	9.1883	8.6636	8.6201	8.1537	8.0621	7.6588	7.5237	7.1787	
11.0515	10.4136	9.7957	9.198	8.6201	8.1537	8.0621	7.6588	7.5237	7.1787	
10.4136	9.7957	9.198	9.1883	8.6636	8.6201	8.1537	8.0621	7.6588	7.5237	
14.5483	13.8076	13.0877	12.3885	11.7098	11.0515	10.4136	9.198	8.6636	8.6201	
9.198	8.6201	8.0621	7.6588	7.5237	7.1787	7.0049	6.7137	6.5055	6.2637	
14.5483	13.8076	13.0877	12.3885	11.7098	11.0515	10.4136	9.7957	9.198	8.6201	
10.8509	10.282	9.7278	9.1883	8.6636	8.6201	8.1537	8.0621	7.6588	7.5237	
10.282	9.7278	9.1883	8.6636	8.6201	8.1537	8.0621	7.6588	7.5237	7.1787	
9.7957	9.198	8.6201	8.1537	8.0621	7.6588	7.5237	7.1787	7.0049	6.7137	
7.1787	7.0049	6.7137	6.5055	6.2637	6.0255	5.8288	5.5647	5.409	5.123	
11.4344	10.8509	10.282	9.7278	9.1883	8.6636	8.1537	8.0621	7.6588	7.5237	
10.8509	10.282	9.7278	9.1883	8.6636	8.6201	8.1537	8.0621	7.6588	7.5237	
9.7278	9.1883	8.6636	8.1537	7.6588	7.1787	6.7137	6.5055	6.2637	6.0255	
8.6636	8.1537	8.0621	7.6588	7.5237	7.1787	7.0049	6.7137	6.5055	6.2637	
7.6588	7.5237	7.1787	7.0049	6.7137	6.5055	6.2637	6.0255	5.8288	5.5647	
15.31	14.5483	13.8076	13.0877	12.3885	11.7098	11.0515	10.4136	10.282	9.7957	
10.4136	9.7957	9.198	8.6201	8.0621	7.5237	7.0049	6.5055	6.2637	6.0255	
16.0928	15.31	14.5483	13.8076	13.0877	12.3885	11.7098	11.0515	10.4136	9.7957	
9.1883	8.6636	8.1537	7.6588	7.1787	6.7137	6.5055	6.2637	6.0255	5.8288	
18.5691	17.7222	16.8968	16.0928	15.31	14.5483	13.8076	13.0877	12.3885	11.7098	
8.6201	8.0621	7.6588	7.5237	7.1787	7.0049	6.7137	6.5055	6.2637	6.0255	
10.282	9.7278	9.198	9.1883	8.6636	8.6201	8.1537	8.0621	7.6588	7.5237	
13.0877	12.3885	11.7098	11.0515	10.4136	9.7957	9.7278	9.198	9.1883	8.6636	
9.7278	9.198	9.1883	8.6636	8.6201	8.1537	8.0621	7.6588	7.5237	7.1787	
8.6636	8.1537	8.0621	7.6588	7.5237	7.1787	7.0049	6.7137	6.5055	6.2637	
8.6636	8.6201	8.1537	8.0621	7.6588	7.5237	7.1787	7.0049	6.7137	6.5055	
9.7278	8.6636	8.1537	8.0621	7.6588	7.5237	7.1787	7.0049	6.7137	6.5055	
14.5702	13.9141	13.2725	12.6453	12.0326	11.4344	10.8509	10.282	9.7278	9.1883	
8.6636	8.1537	7.6588	7.5237	7.1787	7.0049	6.7137	6.5055	6.2637	6.0255	
8.1537	7.6588	7.5237	7.1787	7.0049	6.7137	6.5055	6.2637	6.0255	5.8288	
9.198	8.6201	8.0621	7.5237	7.1787	7.0049	6.7137	6.5055	6.2637	6.0255	
12.0326	11.4344	10.8509	10.4136	10.282	9.7957	9.7278	9.198	9.1883	8.6636	
10.282	9.7278	9.1883	8.6636	8.1537	7.6588	7.1787	7.0049	6.7137	6.5055	
8.6201	8.0621	7.5237	7.1787	7.0049	6.7137	6.5055	6.2637	6.0255	5.8288	
8.0621	7.5237	7.0049	6.7137	6.5055	6.2637	6.0255	5.8288	5.5647	5.409	
8.0621	7.5237	7.0049	6.7137	6.5055	6.2637	6.0255	5.8288	5.5647	5.409	
9.7278	9.1883	8.6636	8.1537	7.6588	7.1787	6.7137	6.5055	6.2637	6.0255	
9.7957	9.198	8.6636	8.6201	8.1537	8.0621	7.6588	7.5237	7.1787	7.0049	
12.0326	11.4344	10.8509	10.4136	10.282	9.7957	9.7278	9.198	9.1883	8.6636	
9.1883	8.6636	8.1537	8.0621	7.6588	7.5237	7.1787	7.0049	6.7137	6.5055	
7.5237	7.1787	7.0049	6.7137	6.5055	6.2637	6.0255	5.8288	5.5647	5.409	
7.0049	6.5055	6.2637	6.0255	5.8288	5.5647	5.409	5.123	5.0044	4.7003	
7.6588	7.1787	6.7137	6.5055	6.2637	6.0255	5.8288	5.5647	5.409	5.123	
9.7278	9.1883	8.6636	8.1537	7.6588	7.5237	7.1787	7.0049	6.7137	6.5055	
9.1883	8.6636	8.1537	8.0621	7.6588	7.5237	7.1787	7.0049	6.7137	6.5055	
9.7278	9.1883	8.6636	8.1537	8.0621	7.6588	7.5237	7.1787	7.0049	6.7137	
11.0515	10.4136	9.7957	9.198	8.6636	8.6201	8.1537	8.0621	7.6588	7.5237	
9.7957	9.198	8.6201	8.0621	7.6588	7.5237	7.1787	7.0049	6.7137	6.5055	
9.1883	8.6636	8.1537	7.6588	7.5237	7.1787	7.0049	6.7137	6.5055	6.2637	
8.6201	8.0621	7.6588	7.5237	7.1787	7.0049	6.7137	6.5055	6.2637	6.0255	
8.6201	8.0621	7.6588	7.5237	7.1787	7.0049	6.7137	6.5055	6.2637	6.0255	
14.5483	13.8076	13.0877	12.3885	11.7098	11.0515	10.4136	9.7957	9.198	8.6201	
9.7957	9.198	8.6201	8.0621	7.5237	7.1787	7.0049	6.7137	6.5055	6.2637	
17.3377	16.6244	15.9254	15.2406	14.5702	13.9141	13.2725	12.6453	12.0326	11.4344	
11.0515	10.8509	10.4136	10.282	9.7957	9.7278	9.198	9.1883	8.6636	8.6201	
12.3885	11.7098	11.0515	10.4136	9.7957	9.198	8.6201	8.0621	7.6588	7.5237	
9.7278	9.1883	8.6636	8.1537	7.6588	7.5237	7.1787	7.0049	6.7137	6.5055	
10.4136	9.7957	9.198	8.6636	8.6201	8.1537	8.0621	7.6588	7.5237	7.1787	
9.198	8.6201	8.0621	7.5237	7.0049	6.7137	6.5055	6.2637	6.0255	5.8288	
9.198	8.6201	8.0621	7.6588	7.5237	7.1787	7.0049	6.7137	6.5055	6.2637	
7.1787	7.0049	6.7137	6.5055	6.2637	6.0255	5.8288	5.5647	5.409	5.123	
13.8076	13.0877	12.3885	11.7098	11.0515	10.4136	9.7957	9.198	8.6201	8.1537	
7.5237	7.0049	6.7137	6.5055	6.2637	6.0255	5.8288	5.5647	5.409	5.123	
9.198	8.6201	8.0621	7.5237	7.1787	7.0049	6.7137	6.5055	6.2637	6.0255	
12.3885	11.7098	11.0515	10.4136	9.7957	9.198	8.6201	8.1537	8.0621	7.6588	
9.7957	9.7278	9.198	9.1883	8.6636	8.6201	8.1537	8.0621	7.6588	7.5237	
9.198	8.6201	8.0621	7.6588	7.5237	7.1787	7.0049	6.7137	6.5055	6.2637	
9.1883	8.6636	8.1537	7.6588	7.1787	6.7137	6.2637	6.0255	5.8288	5.5647	
8.6201	8.0621	7.6588	7.5237	7.1787	7.0049	6.7137	6.5055	6.2637	6.0255	
18.0652	17.3377	16.6244	15.9254	15.2406	14.5702	13.9141	13.2725	12.6453	12.0326	
11.7098	11.4344	11.0515	10.8509	10.4136	10.282	9.7957	9.7278	9.198	9.1883	
9.1883	8.6636	8.1537	7.6588	7.1787	7.0049	6.7137	6.5055	6.2637	6.0255	
11.0515	10.4136	9.7957	9.198	8.6201	8.0621	7.6588	7.5237	7.1787	7.0049	
9.198	8.6201	8.1537	8.0621	7.6588	7.5237	7.1787	7.0049	6.7137	6.5055	
11.0515	10.8509	10.4136	10.282	9.7957	9.7278	9.198	9.1883	8.6636	8.6201	
19.4377	18.5691	17.7222	16.8968	16.0928	15.31	14.5483	13.8076	13.0877	12.3885	
8.6201	8.0621	7.5237	7.0049	6.7137	6.5055	6.2637	6.0255	5.8288	5.5647	
11.4344	10.8509	10.282	9.7957	9.7278	9.198	9.1883	8.6636	8.6201	8.1537	
9.1883	8.6636	8.1537	7.6588	7.5237	7.1787	7.0049	6.7137	6.5055	6.2637	
12.6453	12.0326	11.4344	10.8509	10.282	9.7278	9.1883	8.6636	8.1537	8.0621	
11.4344	10.8509	10.282	9.7278	9.1883	8.6636	8.1537	7.6588	7.1787	6.7137	
10.4136	9.7957	9.198	8.6636	8.6201	8.1537	8.0621	7.6588	7.5237	7.1787	
9.198	8.6201	8.0621	7.6588	7.5237	7.1787	7.0049	6.7137	6.5055	6.2637	
7.6588	7.5237	7.1787	7.0049	6.7137	6.5055	6.2637	6.0255	5.8288	5.5647	
9.1883	8.6636	8.6201	8.1537	7.6588	7.5237	7.1787	7.0049	6.7137	6.5055	
9.1883	8.6636	8.1537	8.0621	7.6588	7.5237	7.1787	7.0049	6.7137	6.5055	
11.0515	10.4136	10.282	9.7957	9.7278	9.198	9.1883	8.6636	8.6201	8.1537	
12.3885	12.0326	11.7098	11.4344	11.0515	10.8509	10.4136	10.282	9.7957	9.7278	
11.7098	11.0515	10.4136	9.7957	9.198	8.6636	8.6201	8.1537	8.0621	7.6588	
14.5483	13.8076	13.0877	12.3885	11.7098	11.0515	10.4136	9.7957	9.198	9.1883	
10.8509	10.282	9.7278	9.1883	8.6636	8.6201	8.1537	8.0621	7.6588	7.5237	
15.9254	15.2406	14.5702	13.9141	13.2725	12.6453	12.0326	11.4344	10.8509	10.282	
13.8076	13.0877	12.3885	11.7098	11.0515	10.4136	9.7957	9.7278	9.198	9.1883	
8.6201	8.0621	7.5237	7.0049	6.5055	6.2637	6.0255	5.8288	5.5647	5.409	
10.4136	9.7957	9.198	8.6201	8.0621	7.5237	7.0049	6.5055	6.2637	6.0255	
10.4136	10.282	9.7957	9.7278	9.198	9.1883	8.6636	8.6201	8.1537	8.0621	
9.7957	9.198	9.1883	8.6636	8.6201	8.1537	8.0621	7.6588	7.5237	7.1787	
8.6636	8.1537	7.6588	7.1787	7.0049	6.7137	6.5055	6.2637	6.0255	5.8288	
11.4344	10.8509	10.282	9.7278	9.1883	8.6636	8.6201	8.1537	8.0621	7.6588	
10.8509	10.282	9.7278	9.1883	8.6636	8.1537	7.6588	7.1787	6.7137	6.2637	
10.282	9.7278	9.198	9.1883	8.6636	8.6201	8.1537	8.0621	7.6588	7.5237	
11.0515	10.4136	10.282	9.7957	9.7278	9.198	9.1883	8.6636	8.6201	8.1537	
12.3885	11.7098	11.0515	10.4136	9.7957	9.198	9.1883	8.6636	8.6201	8.1537	
13.2725	12.6453	12.0326	11.4344	11.0515	10.8509	10.4136	10.282	9.7957	9.7278	
9.1883	8.6636	8.1537	8.0621	7.6588	7.5237	7.1787	7.0049	6.7137	6.5055	
9.7957	9.198	8.6201	8.0621	7.5237	7.0049	6.5055	6.0255	5.5647	5.123	
9.7957	9.198	9.1883	8.6636	8.6201	8.1537	8.0621	7.6588	7.5237	7.1787	
9.7278	9.1883	8.6636	8.1537	7.6588	7.1787	6.7137	6.5055	6.2637	6.0255	
13.9141	13.2725	12.6453	12.0326	11.4344	10.8509	10.282	9.7278	9.1883	8.6636	
10.8509	10.282	9.7278	9.198	9.1883	8.6636	8.6201	8.1537	8.0621	7.6588	
12.0326	11.4344	10.8509	10.282	9.7278	9.1883	8.6636	8.6201	8.1537	8.0621	
10.282	9.7278	9.1883	8.6636	8.1537	7.6588	7.5237	7.1787	7.0049	6.7137	
10.4136	10.282	9.7957	9.7278	9.198	9.1883	8.6636	8.6201	8.1537	8.0621	
7.0049	6.7137	6.5055	6.2637	6.0255	5.8288	5.5647	5.409	5.123	5.0044	
13.0877	12.3885	11.7098	11.0515	10.4136	9.7957	9.198	8.6201	8.1537	8.0621	
10.282	9.7278	9.1883	8.6636	8.1537	7.6588	7.1787	6.7137	6.2637	5.8288	
11.7098	11.0515	10.4136	9.7957	9.198	8.6201	8.0621	7.5237	7.0049	6.7137	
11.4344	10.8509	10.4136	10.282	9.7957	9.7278	9.198	9.1883	8.6636	8.6201	
9.7957	9.198	8.6636	8.6201	8.1537	8.0621	7.6588	7.5237	7.1787	7.0049	
8.0621	7.5237	7.0049	6.5055	6.0255	5.5647	5.123	5.0044	4.7003	4.6151	
15.9254	15.2406	14.5702	13.9141	13.2725	12.6453	12.0326	11.4344	10.8509	10.282	
13.8076	13.0877	12.3885	11.7098	11.0515	10.8509	10.4136	10.282	9.7957	9.7278	
18.5691	17.7222	16.8968	16.0928	15.31	14.5483	13.8076	13.0877	12.3885	11.7098	
6.7137	6.5055	6.2637	6.0255	5.8288	5.5647	5.409	5.123	5.0044	4.7003	
10.4136	9.7957	9.198	8.6201	8.0621	7.6588	7.5237	7.1787	7.0049	6.7137	
9.198	9.1883	8.6636	8.6201	8.1537	8.0621	7.6588	7.5237	7.1787	7.0049	
8.6636	8.6201	8.1537	8.0621	7.6588	7.5237	7.1787	7.0049	6.7137	6.5055	
9.198	8.6201	8.1537	8.0621	7.6588	7.5237	7.1787	7.0049	6.7137	6.5055	
11.7098	11.0515	10.4136	9.7957	9.198	8.6201	8.1537	8.0621	7.6588	7.5237	
11.0515	10.4136	9.7957	9.7278	9.198	9.1883	8.6636	8.6201	8.1537	8.0621	
9.1883	8.6636	8.1537	7.6588	7.1787	6.7137	6.5055	6.2637	6.0255	5.8288	
9.7278	9.1883	8.6636	8.1537	7.6588	7.5237	7.1787	7.0049	6.7137	6.5055	
7.6588	7.1787	7.0049	6.7137	6.5055	6.2637	6.0255	5.8288	5.5647	5.409	
11.7098	11.0515	10.4136	9.198	8.6201	8.0621	7.5237	7.0049	6.7137	6.5055	
9.7957	9.198	8.6201	8.0621	7.6588	7.5237	7.1787	7.0049	6.7137	6.5055	
12.6453	12.0326	11.4344	10.8509	10.282	9.7278	9.1883	8.6636	8.1537	8.0621	
9.7957	9.198	8.6201	8.0621	7.5237	7.0049	6.7137	6.5055	6.2637	6.0255	
9.7957	9.198	9.1883	8.6636	8.6201	8.1537	8.0621	7.6588	7.5237	7.1787	
13.2725	12.6453	12.0326	11.4344	11.0515	10.8509	10.4136	10.282	9.7957	9.7278	
9.7957	9.198	8.6636	8.6201	8.1537	8.0621	7.6588	7.5237	7.1787	7.0049	
13.8076	13.0877	12.3885	11.7098	11.0515	10.8509	10.4136	10.282	9.7957	9.7278	
9.7957	9.198	8.6201	8.0621	7.6588	7.5237	7.1787	7.0049	6.7137	6.5055	
13.0877	12.3885	11.7098	11.0515	10.4136	9.7957	9.198	9.1883	8.6636	8.6201	
8.0621	7.5237	7.0049	6.7137	6.5055	6.2637	6.0255	5.8288	5.5647	5.409	
14.5702	13.9141	13.2725	12.6453	12.0326	11.4344	10.8509	10.282	9.7278	9.198	
7.6588	7.5237	7.1787	7.0049	6.7137	6.5055	6.2637	6.0255	5.8288	5.5647	
10.4136	9.7957	9.7278	9.198	9.1883	8.6636	8.6201	8.1537	8.0621	7.6588	
10.282	9.7278	9.1883	8.6636	8.1537	7.6588	7.1787	6.7137	6.2637	6.0255	
11.0515	10.4136	9.7957	9.198	8.6201	8.0621	7.5237	7.0049	6.5055	6.2637	
9.198	9.1883	8.6201	8.1537	8.0621	7.6588	7.5237	7.1787	7.0049	6.7137	
9.1883	8.6636	8.1537	7.6588	7.1787	7.0049	6.7137	6.5055	6.2637	6.0255	
12.0326	11.4344	11.0515	10.8509	10.4136	10.282	9.7957	9.7278	9.198	9.1883	
11.0515	10.4136	9.7957	9.198	8.6201	8.0621	7.6588	7.5237	7.1787	7.0049	
14.5483	13.8076	13.0877	12.3885	11.7098	11.4344	11.0515	10.8509	10.4136	10.282	
10.282	9.7278	9.1883	8.6636	8.1537	7.6588	7.1787	7.0049	6.7137	6.5055	
11.0515	10.4136	9.7957	9.198	9.1883	8.6636	8.6201	8.1537	8.0621	7.6588	
12.0326	11.4344	10.8509	10.282	9.7957	9.7278	9.198	9.1883	8.6636	8.6201	
9.1883	8.6636	8.1537	7.6588	7.5237	7.1787	7.0049	6.7137	6.5055	6.2637	
7.5237	7.0049	6.5055	6.2637	6.0255	5.8288	5.5647	5.409	5.123	5.0044	
11.7098	11.0515	10.4136	9.7957	9.198	9.1883	8.6636	8.6201	8.1537	8.0621	
8.6636	8.1537	8.0621	7.6588	7.5237	7.1787	7.0049	6.7137	6.5055	6.2637	
10.282	9.7278	9.1883	8.6636	8.1537	8.0621	7.6588	7.5237	7.1787	7.0049	
8.0621	7.5237	7.1787	7.0049	6.7137	6.5055	6.2637	6.0255	5.8288	5.5647	
8.6201	8.0621	7.5237	7.0049	6.7137	6.5055	6.2637	6.0255	5.8288	5.5647	
8.6201	8.0621	7.5237	7.0049	6.5055	6.2637	6.0255	5.8288	5.5647	5.409	
7.0049	6.5055	6.2637	6.0255	5.8288	5.5647	5.409	5.123	5.0044	4.7003	
11.0515	10.4136	9.7957	9.198	8.6636	8.6201	8.1537	8.0621	7.6588	7.5237	
11.7098	11.0515	10.4136	9.7957	9.7278	9.198	9.1883	8.6636	8.6201	8.1537	
7.5237	7.0049	6.7137	6.5055	6.2637	6.0255	5.8288	5.5647	5.409	5.123	
8.6636	8.1537	8.0621	7.6588	7.5237	7.1787	7.0049	6.7137	6.5055	6.2637	
11.0515	10.4136	9.7957	9.198	9.1883	8.6636	8.6201	8.1537	8.0621	7.6588	
14.5702	13.9141	13.2725	12.6453	12.0326	11.4344	10.8509	10.282	9.7278	9.1883	
8.6201	8.0621	7.5237	7.0049	6.5055	6.2637	6.0255	5.8288	5.5647	5.409	
11.4344	10.8509	10.282	9.7278	9.1883	8.6636	8.1537	7.6588	7.5237	7.1787	
7.5237	7.0049	6.5055	6.2637	6.0255	5.8288	5.5647	5.409	5.123	5.0044	
13.0877	12.3885	11.7098	11.0515	10.4136	9.7957	9.198	8.6201	8.1537	8.0621	
8.6201	8.0621	7.6588	7.5237	7.1787	7.0049	6.7137	6.5055	6.2637	6.0255	
9.7278	9.1883	8.6636	8.1537	8.0621	7.6588	7.5237	7.1787	7.0049	6.7137	
9.198	8.6201	8.0621	7.6588	7.5237	7.1787	7.0049	6.7137	6.5055	6.2637	
7.6588	7.5237	7.1787	7.0049	6.7137	6.5055	6.2637	6.0255	5.8288	5.5647	
13.0877	12.3885	11.7098	11.0515	10.4136	9.7957	9.198	8.6201	8.0621	7.5237	
11.7098	11.0515	10.4136	9.7957	9.198	8.6201	8.0621	7.5237	7.0049	6.7137	
10.4136	9.7957	9.7278	9.198	9.1883	8.6636	8.6201	8.1537	8.0621	7.6588	
12.0326	11.4344	10.8509	10.282	9.7278	9.1883	8.6636	8.1537	8.0621	7.6588	
7.0049	6.5055	6.2637	6.0255	5.8288	5.5647	5.409	5.123	5.0044	4.7003	
10.8509	10.282	9.7278	9.1883	8.6636	8.1537	7.6588	7.1787	7.0049	6.7137	
10.4136	10.282	9.7957	9.7278	9.198	9.1883	8.6636	8.6201	8.1537	8.0621	
9.7957	9.198	8.6201	8.0621	7.5237	7.0049	6.7137	6.5055	6.2637	6.0255	
13.2725	12.6453	12.0326	11.4344	10.8509	10.282	9.7278	9.1883	8.6636	8.1537	
8.6201	8.1537	8.0621	7.6588	7.5237	7.1787	7.0049	6.7137	6.5055	6.2637	
10.8509	10.282	9.7957	9.7278	9.198	9.1883	8.6636	8.6201	8.1537	8.0621	
9.1883	8.6636	8.1537	7.6588	7.1787	6.7137	6.2637	5.8288	5.409	5.123	
9.7278	9.1883	8.6636	8.1537	8.0621	7.6588	7.5237	7.1787	7.0049	6.7137	
8.6636	8.1537	8.0621	7.6588	7.5237	7.1787	7.0049	6.7137	6.5055	6.2637	
10.8509	10.282	9.7278	9.198	9.1883	8.6636	8.6201	8.1537	8.0621	7.6588	
7.0049	6.5055	6.0255	5.5647	5.409	5.123	5.0044	4.7003	4.6151	4.2965	
10.4136	9.7957	9.198	9.1883	8.6636	8.6201	8.1537	8.0621	7.6588	7.5237	
11.0515	10.4136	9.7957	9.198	8.6201	8.1537	8.0621	7.6588	7.5237	7.1787	
11.4344	10.282	9.7278	9.1883	8.6636	8.1537	7.6588	7.1787	6.7137	6.5055	
12.6453	12.0326	11.4344	10.8509	10.282	9.7278	9.1883	8.6636	8.1537	8.0621	
15.31	14.5483	13.8076	13.2725	13.0877	12.6453	12.3885	12.0326	11.7098	11.4344	
10.8509	10.282	9.7278	9.1883	8.6636	8.1537	7.6588	7.5237	7.1787	7.0049	
9.7957	9.198	8.6636	8.6201	8.1537	8.0621	7.6588	7.5237	7.1787	7.0049	
8.0621	7.6588	7.5237	7.1787	7.0049	6.7137	6.5055	6.2637	6.0255	5.8288	
9.1883	8.6636	8.1537	7.6588	7.5237	7.1787	7.0049	6.7137	6.5055	6.2637	
11.4344	10.8509	10.282	9.7278	9.1883	8.6636	8.1537	7.6588	7.1787	7.0049	
9.7278	9.1883	8.6636	8.1537	8.0621	7.6588	7.5237	7.1787	7.0049	6.7137	
11.7098	11.0515	10.4136	9.7957	9.198	8.6201	8.1537	8.0621	7.6588	7.5237	
13.8076	13.0877	12.3885	11.7098	11.0515	10.4136	9.7957	9.198	9.1883	8.6636	
11.0515	10.4136	9.7957	9.198	8.6636	8.6201	8.1537	8.0621	7.6588	7.5237	
7.6588	7.5237	7.1787	7.0049	6.7137	6.5055	6.2637	6.0255	5.8288	5.5647	
11.7098	11.0515	10.4136	9.7957	9.198	8.6201	8.0621	7.6588	7.5237	7.1787	
7.5237	7.0049	6.5055	6.2637	6.0255	5.8288	5.5647	5.409	5.123	5.0044	
9.198	8.6201	8.0621	7.6588	7.5237	7.1787	7.0049	6.7137	6.5055	6.2637	
13.8076	13.0877	12.3885	11.7098	11.0515	10.4136	9.7957	9.198	8.6201	8.0621	
13.9141	13.2725	12.6453	12.0326	11.4344	10.8509	10.282	9.7278	9.1883	8.6636	
9.198	8.6201	8.1537	8.0621	7.6588	7.5237	7.1787	7.0049	6.7137	6.5055	
10.4136	9.7957	9.198	8.6636	8.6201	8.1537	8.0621	7.6588	7.5237	7.1787	
11.0515	10.4136	9.7957	9.198	8.6201	8.0621	7.6588	7.5237	7.1787	7.0049	
8.1537	7.6588	7.5237	7.1787	7.0049	6.7137	6.5055	6.2637	6.0255	5.8288	
12.6453	12.0326	11.4344	10.8509	10.282	9.7278	9.1883	8.6636	8.6201	8.1537	
9.1883	8.6636	8.1537	8.0621	7.6588	7.5237	7.1787	7.0049	6.7137	6.5055	
10.4136	9.7957	9.198	8.6201	8.0621	7.5237	7.1787	7.0049	6.7137	6.5055	
11.0515	10.4136	9.7957	9.198	8.6636	8.6201	8.0621	7.6588	7.5237	7.1787	
15.9254	15.2406	14.5702	13.9141	13.2725	12.6453	12.0326	11.4344	10.8509	10.4136	
9.1883	8.6636	8.1537	8.0621	7.6588	7.5237	7.1787	7.0049	6.7137	6.5055	
11.0515	10.4136	9.7957	9.7278	9.198	9.1883	8.6636	8.6201	8.1537	8.0621	
9.1883	8.6636	8.1537	7.6588	7.1787	7.0049	6.7137	6.5055	6.2637	6.0255	
7.6588	7.1787	6.7137	6.5055	6.2637	6.0255	5.8288	5.5647	5.409	5.123	
8.6636	8.1537	7.6588	7.5237	7.1787	7.0049	6.7137	6.5055	6.2637	6.0255	
8.0621	7.5237	7.1787	7.0049	6.7137	6.5055	6.2637	6.0255	5.8288	5.5647	
9.7278	9.1883	8.6636	8.1537	7.6588	7.1787	6.7137	6.2637	6.0255	5.8288	
12.3885	11.7098	11.0515	10.4136	9.7957	9.198	8.6201	8.0621	7.6588	7.5237	
9.1883	8.6636	8.6201	8.1537	8.0621	7.6588	7.5237	7.1787	7.0049	6.7137	
8.6201	8.0621	7.5237	7.0049	6.5055	6.0255	5.5647	5.409	5.123	5.0044	
9.7278	9.1883	8.6636	8.1537	7.6588	7.1787	7.0049	6.7137	6.5055	6.2637	
8.1537	7.6588	7.1787	6.7137	6.2637	5.8288	5.5647	5.409	5.123	5.0044	
11.4344	10.8509	10.282	9.7278	9.198	9.1883	8.6636	8.6201	8.1537	8.0621	
10.4136	9.7957	9.198	8.6201	8.0621	7.5237	7.0049	6.5055	6.2637	6.0255	
14.5483	13.8076	13.0877	12.6453	12.3885	12.0326	11.7098	11.4344	11.0515	10.8509	
12.0326	11.4344	10.8509	10.282	9.7278	9.1883	8.6636	8.1537	8.0621	7.6588	
9.7957	9.198	8.6201	8.0621	7.5237	7.0049	6.5055	6.0255	5.5647	5.409	
10.282	9.7278	9.198	9.1883	8.6636	8.6201	8.1537	8.0621	7.6588	7.5237	
10.282	9.7957	9.7278	9.198	9.1883	8.6636	8.6201	8.1537	8.0621	7.5237	
8.6201	8.1537	8.0621	7.6588	7.5237	7.1787	7.0049	6.7137	6.5055	6.2637	
23.132	22.1751	21.2405	20.3281	19.4377	18.5691	17.7222	16.8968	16.0928	15.31	
16.0928	15.31	14.5483	13.8076	13.0877	12.3885	11.7098	11.0515	10.4136	9.7957	
11.4344	10.8509	10.282	9.7278	9.1883	8.6636	8.1537	7.6588	7.5237	7.1787	
8.0621	7.5237	7.1787	7.0049	6.7137	6.5055	6.2637	6.0255	5.8288	5.5647	
14.5702	13.9141	13.2725	12.6453	12.0326	11.4344	10.8509	10.282	9.7957	9.7278	
7.5237	7.1787	7.0049	6.7137	6.5055	6.2637	6.0255	5.8288	5.5647	5.409	
9.198	8.6201	8.0621	7.6588	7.5237	7.1787	7.0049	6.7137	6.5055	6.2637	
10.8509	10.282	9.7278	9.1883	8.6636	8.1537	7.6588	7.5237	7.1787	7.0049	
11.0515	10.4136	9.7957	9.198	8.6201	8.1537	8.0621	7.6588	7.5237	7.1787	
11.7098	11.0515	10.4136	9.7957	9.198	9.1883	8.6636	8.6201	8.1537	8.0621	
9.198	8.6636	8.6201	8.1537	8.0621	7.6588	7.5237	7.1787	7.0049	6.7137	
11.0515	10.4136	9.7957	9.198	8.6201	8.0621	7.6588	7.5237	7.1787	7.0049	
7.1787	7.0049	6.7137	6.5055	6.2637	6.0255	5.8288	5.5647	5.409	5.123	
7.0049	6.7137	6.5055	6.2637	6.0255	5.8288	5.5647	5.409	5.123	5.0044	
8.6636	8.1537	8.0621	7.6588	7.5237	7.1787	7.0049	6.7137	6.5055	6.2637	
11.4344	10.8509	10.282	9.7278	9.1883	8.6636	8.1537	7.6588	7.5237	7.1787	
8.6636	8.1537	7.6588	7.1787	7.0049	6.7137	6.5055	6.2637	6.0255	5.8288	
13.2725	12.6453	12.0326	11.4344	10.8509	10.282	9.7278	9.1883	8.6636	8.6201	
12.0326	11.4344	10.8509	10.282	9.7278	9.1883	8.6636	8.6201	8.1537	8.0621	
10.282	9.7278	9.1883	8.6636	8.6201	8.1537	8.0621	7.6588	7.5237	7.1787	
7.6588	7.1787	7.0049	6.7137	6.5055	6.2637	6.0255	5.8288	5.5647	5.409	
9.7278	9.1883	8.6636	8.6201	8.1537	8.0621	7.6588	7.5237	7.1787	7.0049	
11.0515	10.4136	9.7957	9.7278	9.198	9.1883	8.6636	8.6201	8.1537	8.0621	
11.0515	10.4136	10.282	9.7957	9.7278	9.198	9.1883	8.6636	8.6201	8.1537	
9.198	8.6201	8.0621	7.5237	7.1787	7.0049	6.7137	6.5055	6.2637	6.0255	
13.9141	13.2725	12.6453	12.0326	11.4344	10.8509	10.282	9.7957	9.7278	9.198	
10.4136	9.7957	9.198	8.6201	8.1537	8.0621	7.6588	7.5237	7.1787	7.0049	
10.282	9.7278	9.198	9.1883	8.6636	8.6201	8.1537	8.0621	7.6588	7.5237	
7.5237	7.1787	7.0049	6.7137	6.5055	6.2637	6.0255	5.8288	5.5647	5.409	
7.6588	7.5237	7.1787	7.0049	6.7137	6.5055	6.2637	6.0255	5.8288	5.5647	
8.0621	7.5237	7.0049	6.7137	6.5055	6.2637	6.0255	5.8288	5.5647	5.409	
9.7957	9.198	9.1883	8.6636	8.6201	8.1537	8.0621	7.6588	7.5237	7.1787	
9.198	8.6201	8.0621	7.5237	7.0049	6.5055	6.2637	6.0255	5.8288	5.5647	
9.1883	8.6636	8.1537	7.6588	7.1787	6.7137	6.2637	5.8288	5.409	5.123	
11.4344	10.8509	10.282	9.7278	9.1883	8.6636	8.1537	8.0621	7.6588	7.5237	
9.198	8.6636	8.6201	8.1537	8.0621	7.6588	7.5237	7.1787	7.0049	6.7137	
9.7957	9.198	8.6201	8.0621	7.5237	7.0049	6.7137	6.5055	6.2637	6.0255	
10.282	9.7278	9.198	9.1883	8.6636	8.6201	8.1537	8.0621	7.6588	7.5237	
10.8509	10.282	9.7957	9.7278	9.198	9.1883	8.6636	8.6201	8.1537	8.0621	
8.1537	8.0621	7.6588	7.5237	7.1787	7.0049	6.7137	6.5055	6.2637	6.0255	
11.7098	11.0515	10.4136	9.7957	9.198	8.6636	8.6201	8.1537	8.0621	7.6588	
12.0326	11.4344	10.8509	10.282	9.7957	9.7278	9.198	9.1883	8.6636	8.6201	
13.8076	13.0877	12.3885	11.7098	11.0515	10.4136	9.7957	9.198	8.6201	8.1537	
8.1537	7.6588	7.1787	6.7137	6.2637	6.0255	5.8288	5.5647	5.409	5.123	
10.282	9.7278	9.1883	8.6636	8.1537	7.6588	7.1787	6.7137	6.5055	6.2637	
6.7137	6.2637	6.0255	5.8288	5.5647	5.409	5.123	5.0044	4.7003	4.6151	
13.8076	13.0877	12.3885	11.7098	11.0515	10.4136	10.282	9.7957	9.7278	9.198	
10.4136	9.7957	9.198	8.6201	8.0621	7.6588	7.5237	7.1787	7.0049	6.7137	
13.2725	12.6453	12.0326	11.4344	10.8509	10.282	9.7278	9.198	9.1883	8.6636	
12.3885	11.7098	11.0515	10.4136	9.7957	9.198	8.6201	8.0621	7.5237	7.0049	
8.6201	8.0621	7.5237	7.1787	7.0049	6.7137	6.5055	6.2637	6.0255	5.8288	
16.8968	16.0928	15.31	14.5483	13.8076	13.0877	12.3885	11.7098	11.0515	10.8509	
13.0877	12.3885	11.7098	11.4344	11.0515	10.8509	10.4136	10.282	9.7957	9.7278	
11.4344	10.8509	10.282	9.7278	9.1883	8.6636	8.1537	7.6588	7.1787	7.0049	
7.5237	7.1787	7.0049	6.7137	6.5055	6.2637	6.0255	5.8288	5.5647	5.409	
8.1537	7.6588	7.1787	7.0049	6.7137	6.5055	6.2637	6.0255	5.8288	5.5647	
9.198	8.6201	8.1537	8.0621	7.6588	7.5237	7.1787	7.0049	6.7137	6.5055	
7.1787	7.0049	6.7137	6.5055	6.2637	6.0255	5.8288	5.5647	5.409	5.123	
8.6201	8.0621	7.5237	7.0049	6.7137	6.5055	6.2637	6.0255	5.8288	5.5647	
11.7098	11.0515	10.4136	9.7957	9.198	8.6636	8.6201	8.1537	8.0621	7.6588	
8.1537	8.0621	7.6588	7.5237	7.1787	7.0049	6.7137	6.5055	6.2637	6.0255	
13.2725	12.6453	12.0326	11.4344	11.0515	10.8509	10.4136	10.282	9.7957	9.7278	
7.0049	6.5055	6.2637	6.0255	5.8288	5.5647	5.409	5.123	5.0044	4.7003	
10.282	9.7278	9.1883	8.6636	8.6201	8.1537	8.0621	7.6588	7.5237	7.1787	
10.282	9.7278	9.1883	8.6636	8.1537	8.0621	7.6588	7.5237	7.1787	7.0049	
15.9254	15.2406	14.5702	13.9141	13.2725	12.6453	12.0326	11.4344	10.8509	10.282	
11.7098	11.0515	10.4136	9.7957	9.198	8.6201	8.0621	7.6588	7.5237	7.1787	
11.0515	10.4136	9.7957	9.198	8.6201	8.1537	8.0621	7.6588	7.5237	7.1787	
9.7278	9.1883	8.6636	8.6201	8.1537	8.0621	7.6588	7.5237	7.1787	7.0049	
8.6636	8.1537	7.6588	7.5237	7.1787	7.0049	6.7137	6.5055	6.2637	6.0255	
21.9141	21.1162	20.3324	19.5625	18.8068	18.0652	17.3377	16.8968	16.6244	16.0928	
11.0515	10.4136	10.282	9.7957	9.7278	9.198	9.1883	8.6636	8.6201	8.1537	
11.0515	10.4136	10.282	9.7957	9.7278	9.198	9.1883	8.6636	8.6201	8.1537	
9.198	8.6201	8.0621	7.6588	7.5237	7.1787	7.0049	6.7137	6.5055	6.2637	
13.2725	12.6453	12.3885	12.0326	11.7098	11.4344	11.0515	10.8509	10.4136	10.282	
15.31	14.5483	13.8076	13.0877	12.3885	11.7098	11.0515	10.4136	9.7957	9.198	
13.0877	12.3885	11.7098	11.0515	10.4136	9.7957	9.198	8.6201	8.1537	8.0621	
10.4136	9.7957	9.198	8.6201	8.0621	7.5237	7.1787	7.0049	6.7137	6.5055	
11.7098	11.0515	10.4136	9.7957	9.198	8.6201	8.0621	7.5237	7.0049	6.7137	
7.5237	6.7137	6.5055	6.2637	6.0255	5.8288	5.5647	5.409	5.123	5.0044	
7.5237	7.1787	7.0049	6.7137	6.5055	6.2637	6.0255	5.8288	5.5647	5.409	
13.0877	12.3885	12.0326	11.7098	11.4344	11.0515	10.8509	10.4136	10.282	9.7957	
16.6244	15.9254	15.2406	14.5702	13.9141	13.8076	13.2725	13.0877	12.6453	12.3885	
10.4136	9.7957	9.198	8.6636	8.6201	8.1537	8.0621	7.6588	7.5237	7.1787	
9.7278	9.1883	8.6636	8.1537	7.6588	7.1787	6.7137	6.5055	6.2637	6.0255	
12.0326	11.4344	10.8509	10.282	9.7278	9.1883	8.6636	8.1537	7.6588	7.5237	
8.6636	8.1537	8.0621	7.6588	7.5237	7.1787	7.0049	6.7137	6.5055	6.2637	
10.282	9.7278	9.1883	8.6636	8.6201	8.1537	8.0621	7.6588	7.5237	7.1787	
9.1883	8.6636	8.1537	8.0621	7.6588	7.5237	7.1787	7.0049	6.7137	6.5055	
7.6588	7.1787	6.7137	6.5055	6.2637	6.0255	5.8288	5.5647	5.409	5.123	
9.1883	8.6636	8.6201	8.1537	8.0621	7.6588	7.5237	7.1787	7.0049	6.7137	
9.7957	9.198	8.6201	8.1537	8.0621	7.6588	7.5237	7.1787	7.0049	6.7137	
14.5702	13.9141	13.2725	12.6453	12.0326	11.4344	10.8509	10.4136	10.282	9.7957	
11.0515	10.4136	10.282	9.7957	9.7278	9.198	9.1883	8.6636	8.6201	8.1537	
13.8076	13.0877	12.3885	11.7098	11.0515	10.4136	9.7957	9.198	8.6201	8.0621	
16.6244	15.9254	15.2406	14.5702	13.9141	13.2725	12.6453	12.0326	11.4344	10.8509	
9.198	8.6201	8.0621	7.5237	7.0049	6.7137	6.5055	6.2637	6.0255	5.8288	
9.7957	9.7278	9.198	9.1883	8.6636	8.6201	8.1537	8.0621	7.6588	7.5237	
10.8509	10.282	9.7278	9.1883	8.6636	8.1537	7.6588	7.5237	7.1787	7.0049	
6.7137	6.5055	6.2637	6.0255	5.8288	5.5647	5.409	5.123	5.0044	4.7003	
13.0877	12.3885	11.7098	11.0515	10.4136	9.7957	9.198	8.6201	8.0621	7.5237	
17.7222	16.8968	16.0928	15.31	14.5483	13.8076	13.0877	12.3885	11.7098	11.0515	
9.7957	9.198	8.6636	8.6201	8.1537	8.0621	7.6588	7.5237	7.1787	7.0049	
8.0621	7.5237	7.1787	7.0049	6.7137	6.5055	6.2637	6.0255	5.8288	5.5647	
7.6588	7.1787	7.0049	6.7137	6.5055	6.2637	6.0255	5.8288	5.5647	5.409	
8.0621	7.5237	7.0049	6.5055	6.2637	6.0255	5.8288	5.5647	5.409	5.123	
10.4136	9.7957	9.198	8.6201	8.0621	7.5237	7.0049	6.7137	6.5055	6.2637	
8.6636	8.1537	8.0621	7.6588	7.5237	7.1787	7.0049	6.7137	6.5055	6.2637	
12.0326	11.4344	10.8509	10.282	9.7278	9.198	9.1883	8.6636	8.6201	8.1537	
18.5691	17.7222	16.8968	16.0928	15.31	14.5483	13.8076	13.0877	12.3885	11.7098	
13.8076	13.0877	12.3885	11.7098	11.0515	10.4136	9.7957	9.198	8.6201	8.0621	
8.6636	8.1537	8.0621	7.6588	7.5237	7.1787	7.0049	6.7137	6.5055	6.2637	
10.8509	10.4136	10.282	9.7957	9.7278	9.198	9.1883	8.6636	8.6201	8.1537	
9.198	8.6201	8.0621	7.5237	7.0049	6.7137	6.5055	6.2637	6.0255	5.8288	
10.282	9.7278	9.198	9.1883	8.6636	8.6201	8.1537	8.0621	7.6588	7.5237	
9.7957	9.198	8.6201	8.1537	8.0621	7.6588	7.5237	7.1787	7.0049	6.7137	
9.7278	9.1883	8.6636	8.1537	8.0621	7.6588	7.5237	7.1787	7.0049	6.7137	
8.0621	7.5237	7.0049	6.7137	6.5055	6.2637	6.0255	5.8288	5.5647	5.409	
9.7957	9.198	8.6201	8.0621	7.5237	7.0049	6.7137	6.5055	6.2637	6.0255	
9.198	8.6201	8.1537	8.0621	7.6588	7.5237	7.1787	7.0049	6.7137	6.5055	
9.7278	9.1883	8.6636	8.1537	8.0621	7.6588	7.5237	7.1787	7.0049	6.7137	
10.8509	10.282	9.7278	9.1883	8.6636	8.1537	7.6588	7.5237	7.1787	7.0049	
11.4344	10.8509	10.282	9.7278	9.198	9.1883	8.6636	8.6201	8.1537	8.0621	
8.6636	8.1537	7.6588	7.5237	7.1787	7.0049	6.7137	6.5055	6.2637	6.0255	
8.6636	8.1537	7.6588	7.1787	7.0049	6.7137	6.5055	6.2637	6.0255	5.8288	
10.4136	9.7957	9.198	8.6201	8.0621	7.6588	7.5237	7.1787	7.0049	6.7137	
12.0326	11.4344	11.0515	10.8509	10.4136	10.282	9.7957	9.7278	9.198	9.1883	
12.6453	12.0326	11.4344	11.0515	10.8509	10.4136	10.282	9.7957	9.7278	9.198	
12.0326	11.4344	10.8509	10.282	9.7278	9.198	9.1883	8.6636	8.6201	8.1537	
15.9254	15.2406	14.5702	13.9141	13.2725	12.6453	12.0326	11.4344	10.8509	10.4136	
10.8509	10.282	9.7278	9.1883	8.6636	8.1537	7.6588	7.1787	6.7137	6.2637	
12.3885	11.7098	11.0515	10.4136	9.7957	9.7278	9.198	9.1883	8.6636	8.6201	
10.4136	9.7957	9.198	8.6201	8.0621	7.5237	7.0049	6.5055	6.2637	6.0255	
7.6588	7.5237	7.1787	7.0049	6.7137	6.5055	6.2637	6.0255	5.8288	5.5647	
10.282	9.7278	9.1883	8.6636	8.1537	8.0621	7.6588	7.5237	7.1787	7.0049	
9.7957	9.198	8.6201	8.1537	8.0621	7.6588	7.5237	7.1787	7.0049	6.7137	
9.7278	9.198	9.1883	8.6636	8.6201	8.1537	8.0621	7.6588	7.5237	7.1787	
16.0928	15.31	14.5483	13.8076	13.0877	12.3885	11.7098	11.0515	10.4136	9.7957	
8.6636	8.6201	8.1537	8.0621	7.6588	7.5237	7.1787	7.0049	6.7137	6.5055	
12.0326	11.4344	10.8509	10.282	9.7278	9.1883	8.6636	8.1537	8.0621	7.6588	
14.5483	13.8076	13.0877	12.3885	11.7098	11.0515	10.4136	9.7957	9.198	8.6636	
10.282	9.7957	9.7278	9.198	9.1883	8.6636	8.6201	8.1537	8.0621	7.6588	
8.6636	8.1537	7.6588	7.1787	7.0049	6.7137	6.5055	6.2637	6.0255	5.8288	
11.7098	11.0515	10.4136	10.282	9.7957	9.7278	9.198	9.1883	8.6636	8.6201	
7.0049	6.7137	6.5055	6.2637	6.0255	5.8288	5.5647	5.409	5.123	5.0044	
11.4344	10.8509	10.282	9.7278	9.1883	8.6636	8.1537	7.6588	7.1787	7.0049	
13.2725	12.6453	12.0326	11.4344	10.8509	10.282	9.7278	9.1883	8.6636	8.1537	
10.8509	10.282	9.7278	9.1883	8.6636	8.1537	7.6588	7.1787	7.0049	6.7137	
12.3885	11.7098	11.0515	10.4136	9.7957	9.198	8.6201	8.1537	8.0621	7.6588	
9.7957	9.198	8.6201	8.0621	7.5237	7.0049	6.5055	6.0255	5.8288	5.5647	
8.6201	8.1537	8.0621	7.6588	7.5237	7.1787	7.0049	6.7137	6.5055	6.2637	
12.6453	12.0326	11.4344	10.8509	10.4136	10.282	9.7957	9.7278	9.198	9.1883	
9.7957	9.198	8.6636	8.6201	8.1537	8.0621	7.6588	7.5237	7.1787	7.0049	
9.198	8.6201	8.0621	7.5237	7.0049	6.7137	6.5055	6.2637	6.0255	5.8288	
9.7278	9.1883	8.6636	8.1537	8.0621	7.6588	7.5237	7.1787	7.0049	6.7137	
9.7278	9.1883	8.6636	8.1537	8.0621	7.6588	7.5237	7.1787	7.0049	6.7137	
9.7957	9.7278	9.198	9.1883	8.6636	8.6201	8.1537	8.0621	7.6588	7.5237	
8.1537	8.0621	7.6588	7.5237	7.1787	7.0049	6.7137	6.5055	6.2637	6.0255	
11.0515	10.4136	9.7957	9.198	8.6201	8.0621	7.5237	7.1787	7.0049	6.7137	
8.1537	7.6588	7.1787	6.7137	6.2637	6.0255	5.8288	5.5647	5.409	5.123	
8.6636	8.1537	7.6588	7.1787	7.0049	6.7137	6.5055	6.2637	6.0255	5.8288	
12.3885	11.7098	11.0515	10.4136	9.7957	9.198	8.6201	8.0621	7.5237	7.1787	
8.6636	8.1537	7.6588	7.1787	6.7137	6.5055	6.2637	6.0255	5.8288	5.5647	
9.198	8.6201	8.0621	7.5237	7.0049	6.7137	6.5055	6.2637	6.0255	5.8288	
10.8509	10.282	9.7278	9.1883	8.6636	8.6201	8.1537	8.0621	7.6588	7.5237	
8.1537	8.0621	7.6588	7.5237	7.1787	7.0049	6.7137	6.5055	6.2637	6.0255	
8.6201	8.0621	7.5237	7.1787	7.0049	6.7137	6.5055	6.2637	6.0255	5.8288	
9.198	8.6201	8.1537	8.0621	7.6588	7.5237	7.1787	7.0049	6.7137	6.5055	
9.198	8.6201	8.1537	8.0621	7.6588	7.5237	7.1787	7.0049	6.7137	6.5055	
15.31	14.5483	13.8076	13.0877	12.3885	11.7098	11.0515	10.4136	9.7957	9.198	
13.0877	12.3885	11.7098	11.0515	10.4136	9.7957	9.198	8.6201	8.0621	7.5237	
9.7278	9.1883	8.6636	8.6201	8.1537	8.0621	7.6588	7.5237	7.1787	7.0049	
9.1883	8.6636	8.1537	7.6588	7.5237	7.1787	7.0049	6.7137	6.5055	6.2637	
8.1537	7.6588	7.1787	6.7137	6.5055	6.2637	6.0255	5.8288	5.5647	5.409	
9.7957	9.198	8.6201	8.0621	7.5237	7.0049	6.5055	6.0255	5.5647	5.409	
8.0621	7.6588	7.5237	7.1787	7.0049	6.7137	6.5055	6.2637	6.0255	5.8288	
9.7278	9.1883	8.6636	8.6201	8.1537	8.0621	7.6588	7.5237	7.1787	7.0049	
11.0515	10.4136	9.7957	9.198	8.6201	8.0621	7.5237	7.0049	6.5055	6.0255	
9.198	8.6201	8.0621	7.5237	7.0049	6.5055	6.0255	5.8288	5.5647	5.409	
11.4344	10.8509	10.4136	10.282	9.7957	9.7278	9.198	9.1883	8.6636	8.6201	
8.1537	8.0621	7.6588	7.5237	7.1787	7.0049	6.7137	6.5055	6.2637	6.0255	
10.4136	9.198	8.6201	8.0621	7.6588	7.5237	7.1787	7.0049	6.7137	6.5055	
12.0326	11.4344	10.8509	10.282	9.7957	9.7278	9.198	9.1883	8.6636	8.6201	
8.0621	7.6588	7.5237	7.1787	7.0049	6.7137	6.5055	6.2637	6.0255	5.8288	
12.0326	11.4344	10.8509	10.4136	10.282	9.7957	9.7278	9.198	9.1883	8.6636	
9.7957	9.198	8.6201	8.0621	7.5237	7.1787	7.0049	6.7137	6.5055	6.2637	
13.8076	13.0877	12.3885	11.7098	11.0515	10.4136	9.7957	9.198	8.6201	8.1537	
9.7957	9.198	9.1883	8.6636	8.6201	8.1537	8.0621	7.6588	7.5237	7.1787	
10.282	9.7278	9.1883	8.6636	8.6201	8.1537	8.0621	7.6588	7.5237	7.1787	
9.7957	9.198	8.6636	8.6201	8.1537	8.0621	7.6588	7.5237	7.1787	7.0049	
8.6636	8.1537	7.6588	7.1787	7.0049	6.7137	6.5055	6.2637	6.0255	5.8288	
13.8076	13.0877	12.3885	11.7098	11.0515	10.4136	9.7957	9.7278	9.198	9.1883	
8.1537	7.6588	7.1787	6.7137	6.2637	5.8288	5.409	5.123	5.0044	4.7003	
12.0326	11.4344	10.8509	10.282	9.7957	9.7278	9.198	9.1883	8.6636	8.6201	
7.1787	7.0049	6.7137	6.5055	6.2637	6.0255	5.8288	5.5647	5.409	5.123	
11.0515	10.4136	9.7957	9.198	8.6636	8.6201	8.1537	8.0621	7.6588	7.5237	
9.198	8.6201	8.1537	8.0621	7.6588	7.5237	7.1787	7.0049	6.7137	6.5055	
7.0049	6.5055	6.2637	6.0255	5.8288	5.5647	5.409	5.123	5.0044	4.7003	
8.6201	8.0621	7.5237	7.0049	6.5055	6.2637	6.0255	5.8288	5.5647	5.409	
11.4344	10.8509	10.282	9.7278	9.198	9.1883	8.6636	8.6201	8.1537	8.0621	
13.0877	12.3885	11.7098	11.0515	10.4136	9.7957	9.198	8.6201	8.0621	7.5237	
10.282	9.7278	9.1883	8.6636	8.1537	7.6588	7.5237	7.1787	7.0049	6.7137	
10.8509	10.4136	10.282	9.7957	9.7278	9.198	9.1883	8.6636	8.6201	8.1537	
11.4344	10.8509	10.282	9.7957	9.7278	9.198	9.1883	8.6636	8.6201	8.1537	
12.6453	12.0326	11.4344	10.8509	10.282	9.7278	9.1883	8.6636	8.6201	8.1537	
8.1537	7.6588	7.1787	6.7137	6.2637	6.0255	5.8288	5.5647	5.409	5.123	
12.6453	12.0326	11.4344	10.8509	10.282	9.7278	9.1883	8.6636	8.6201	8.1537	
8.1537	7.6588	7.1787	7.0049	6.7137	6.5055	6.2637	6.0255	5.8288	5.5647	
