16.6244
9.198
12.0326
12.0326
12.3885
7.6588
7.5237
9.7278
13.8076
9.198
7.5237
9.7957
9.1883
9.7957
12.3885
7.0049
7.6588
9.7278
12.0326
11.0515
9.7957
8.6636
10.4136
9.198
13.8076
10.282
11.7098
16.8968
8.1537
7.6588
12.0326
9.7278
8.6636
11.7098
8.6636
9.7957
9.198
11.7098
8.6201
9.7278
9.7278
12.3885
6.7137
13.8076
11.7098
8.1537
7.0049
9.1883
10.282
8.1537
6.7137
13.8076
18.5691
10.282
7.1787
9.1883
9.198
11.4344
8.6636
11.0515
10.4136
14.5483
12.3885
11.7098
11.4344
10.4136
14.5483
9.198
7.5237
11.0515
10.282
10.4136
8.0621
12.3885
14.5702
10.282
7.5237
10.8509
12.0326
10.8509
11.4344
11.0515
9.198
9.1883
8.1537
13.8076
9.1883
9.1883
10.8509
10.4136
9.7278
14.5702
9.7957
15.9254
8.6636
9.7278
9.1883
10.8509
10.4136
9.7957
11.7098
9.1883
13.9141
10.4136
9.7957
7.5237
11.0515
12.3885
11.0515
8.1537
9.7278
9.198
14.5483
13.9141
9.198
9.7278
13.8076
8.6201
12.3885
7.0049
15.9254
11.4344
7.5237
9.1883
10.282
9.1883
10.4136
9.7278
15.9254
13.0877
10.8509
10.282
11.0515
11.0515
10.4136
8.6636
8.1537
13.2725
9.1883
18.0652
9.7957
9.1883
10.4136
7.6588
9.198
9.198
9.198
10.4136
8.0621
15.9254
8.6636
11.7098
11.7098
13.0877
12.6453
12.3885
9.7278
9.7278
11.0515
12.3885
10.282
7.0049
8.1537
7.6588
13.9141
12.6453
9.198
9.198
9.198
11.7098
12.3885
22.1751
10.4136
16.6244
10.4136
9.198
9.198
13.0877
9.198
9.1883
11.7098
9.7278
10.4136
10.4136
9.1883
9.7957
12.6453
13.0877
8.6636
10.282
12.0326
10.4136
7.0049
8.6201
11.4344
8.1537
13.8076
17.3377
11.0515
9.1883
10.4136
12.0326
9.7957
10.4136
10.282
10.8509
11.4344
7.1787
12.3885
9.7278
8.0621
15.31
10.282
11.0515
9.7278
10.4136
8.1537
6.5055
15.9254
9.1883
9.7957
9.198
9.198
9.7957
10.8509
9.198
13.9141
9.1883
11.7098
12.3885
11.0515
13.0877
9.198
10.4136
13.0877
11.0515
14.5483
11.7098
7.6588
7.5237
8.6636
12.6453
13.0877
12.3885
15.31
10.4136
9.7957
7.5237
10.4136
7.6588
11.7098
10.4136
11.0515
8.0621
12.0326
9.198
10.282
9.7957
8.6636
8.0621
9.198
9.198
9.1883
7.1787
12.0326
11.7098
10.282
9.7957
12.6453
12.3885
7.0049
9.198
7.5237
8.6636
11.7098
11.4344
10.8509
10.4136
16.0928
9.198
9.198
12.6453
8.0621
10.282
8.0621
7.6588
16.0928
12.0326
11.4344
9.198
8.6636
12.6453
8.0621
12.6453
7.6588
12.3885
15.9254
10.8509
10.8509
14.5483
13.2725
8.6201
9.198
9.7278
10.8509
9.7278
7.1787
10.282
11.4344
9.7957
13.0877
11.4344
11.0515
9.7278
11.0515
13.9141
16.6244
10.4136
11.0515
11.0515
9.1883
12.0326
13.0877
9.1883
9.198
12.0326
11.7098
15.31
13.9141
10.4136
9.198
9.7278
13.2725
9.7957
18.8068
10.4136
10.282
11.4344
12.6453
13.0877
8.6201
9.7278
6.0255
14.5483
17.7222
8.0621
11.0515
12.3885
9.198
7.5237
7.5237
7.0049
7.6588
8.6201
9.198
10.8509
10.4136
13.2725
9.7957
9.198
8.6201
12.0326
15.31
8.0621
10.282
9.7278
10.282
11.7098
9.7957
8.6201
15.9254
15.31
7.5237
9.1883
9.7278
8.6201
9.1883
11.0515
11.4344
13.0877
7.1787
7.6588
10.4136
9.7957
13.8076
12.6453
8.0621
13.9141
8.1537
8.1537
9.1883
10.4136
9.198
9.1883
9.198
13.0877
10.4136
8.1537
10.4136
19.4377
9.7957
9.7957
8.1537
13.8076
10.4136
9.7957
8.6636
10.8509
12.3885
10.4136
10.8509
13.0877
9.198
10.4136
8.6201
8.6201
10.4136
11.0515
13.2725
7.1787
8.6636
9.7957
8.1537
11.7098
14.5483
7.0049
10.282
13.0877
14.5702
10.8509
8.1537
9.7278
11.0515
10.4136
9.7957
9.1883
7.6588
7.6588
15.31
6.0255
16.8968
10.282
8.6636
10.8509
8.6201
9.198
7.6588
10.4136
9.198
13.8076
10.4136
13.0877
20.3324
10.282
9.7957
8.1537
11.0515
7.5237
11.0515
10.282
9.198
9.7957
8.6636
11.7098
9.1883
8.6201
10.282
13.0877
9.7957
13.2725
10.282
10.282
9.198
8.6636
9.198
11.0515
9.7278
13.0877
9.7278
10.4136
8.6636
12.3885
12.0326
13.0877
11.4344
10.282
8.6636
12.0326
12.0326
10.282
10.4136
7.6588
18.0652
10.282
9.1883
8.0621
9.7957
10.282
8.6201
11.4344
15.2406
9.198
11.4344
13.8076
11.0515
9.7957
11.0515
9.1883
12.0326
10.4136
7.1787
12.6453
11.0515
12.0326
9.198
9.1883
11.0515
13.0877
8.6636
16.8968
9.1883
13.2725
10.8509
8.0621
11.0515
10.4136
19.4377
10.8509
12.0326
9.1883
10.8509
10.282
7.5237
6.5055
9.7957
9.7278
13.0877
7.1787
9.7957
10.282
13.8076
12.3885
13.0877
9.7957
8.6201
11.7098
14.5483
14.5702
9.198
11.4344
6.7137
12.3885
9.7278
7.5237
15.2406
11.0515
9.1883
9.7957
10.8509
9.1883
11.7098
8.6201
13.2725
9.7278
8.1537
13.2725
8.0621
8.6636
11.7098
11.7098
8.6201
12.0326
11.7098
9.7957
12.6453
9.198
9.7957
7.0049
7.5237
10.282
12.6453
13.0877
12.0326
7.6588
18.0652
8.1537
10.282
7.6588
9.198
8.6636
8.6636
9.7957
11.0515
9.198
9.7278
7.5237
7.6588
11.7098
7.6588
11.7098
8.6636
13.2725
6.0255
15.31
7.6588
10.4136
7.1787
9.1883
12.0326
11.7098
12.0326
8.6636
9.7957
8.6636
19.4377
11.7098
8.6636
10.282
9.198
6.7137
9.7278
10.4136
11.7098
9.7957
10.8509
6.5055
16.8968
12.3885
12.0326
14.5483
11.4344
15.2406
9.1883
11.7098
8.0621
8.6636
13.2725
11.0515
15.9254
8.6636
9.7278
12.0326
15.2406
8.0621
9.7278
9.7278
9.7278
10.8509
15.9254
11.0515
13.8076
8.1537
15.2406
7.5237
11.7098
11.4344
9.7957
11.7098
10.4136
7.0049
8.6201
11.0515
11.4344
7.6588
18.5691
9.7278
9.7957
8.0621
8.6201
9.198
10.282
16.0928
13.9141
10.8509
9.7957
9.198
11.7098
14.5483
9.7957
8.6636
9.7957
10.4136
9.7957
12.6453
8.0621
9.198
13.9141
10.8509
12.0326
11.7098
12.6453
7.5237
18.5691
10.4136
8.1537
11.0515
8.6636
11.7098
10.4136
13.8076
9.198
11.7098
12.6453
7.6588
12.6453
7.0049
9.7957
16.6244
11.0515
8.0621
13.9141
9.7278
6.2637
8.1537
9.7278
14.5483
13.0877
8.0621
12.6453
11.7098
8.6636
8.0621
13.0877
14.5483
9.7957
17.3377
10.4136
7.6588
14.5702
7.5237
11.0515
13.9141
11.4344
8.6201
12.0326
8.1537
11.0515
10.4136
10.282
9.7957
9.198
10.4136
12.0326
11.4344
13.9141
8.6201
16.6244
7.6588
10.4136
9.198
11.4344
8.0621
13.2725
9.198
7.0049
8.6201
8.6636
11.7098
11.0515
7.5237
8.6636
11.0515
10.4136
11.0515
9.198
13.8076
12.3885
11.0515
11.0515
9.198
11.7098
8.1537
10.4136
13.9141
11.0515
10.282
8.6636
12.0326
9.7957
8.6201
15.9254
11.4344
14.5483
9.198
9.7957
13.0877
9.198
8.0621
9.7957
8.0621
10.4136
9.7957
10.282
9.198
12.0326
6.0255
7.1787
9.1883
7.5237
10.4136
8.0621
10.282
11.0515
9.7278
9.198
8.6636
12.6453
9.198
10.8509
11.4344
10.282
11.7098
16.0928
9.1883
7.5237
10.282
15.2406
8.6636
9.7957
8.0621
7.0049
6.0255
10.4136
9.7957
9.1883
9.198
10.4136
13.8076
11.7098
11.4344
14.5483
13.8076
9.1883
6.5055
15.31
10.282
11.0515
8.6636
9.7278
11.4344
8.1537
11.4344
9.198
10.282
15.2406
7.1787
11.4344
10.282
8.1537
8.6201
10.282
9.7957
9.7278
11.0515
8.6636
13.9141
10.4136
13.8076
8.6636
9.198
10.282
11.7098
15.31
8.0621
11.4344
8.6201
9.7278
15.31
12.6453
8.1537
12.0326
10.282
10.8509
8.6201
19.5625
12.0326
8.0621
10.4136
8.0621
10.8509
13.2725
9.7278
8.6636
9.1883
10.8509
8.6201
11.7098
10.4136
12.3885
12.3885
11.7098
10.8509
10.282
9.7957
7.1787
13.8076
11.7098
6.7137
14.5483
12.0326
13.0877
15.2406
12.3885
8.1537
9.198
10.282
10.282
12.3885
8.6201
11.0515
10.8509
7.5237
16.0928
9.7278
8.1537
10.4136
8.6201
10.8509
12.0326
9.198
12.0326
12.0326
11.7098
8.6636
9.7278
11.0515
11.7098
8.0621
9.7278
9.1883
8.1537
12.6453
9.7957
7.5237
9.7278
12.3885
8.1537
10.4136
14.5483
8.6636
11.7098
7.5237
11.0515
9.198
8.6201
11.4344
9.1883
10.282
7.1787
7.1787
16.0928
12.6453
10.4136
10.8509
9.7957
8.6636
10.282
8.0621
8.6201
14.5702
13.9141
13.2725
8.6636
9.1883
10.282
13.2725
9.7957
12.3885
11.4344
10.8509
7.1787
7.1787
12.0326
8.6636
9.198
10.4136
7.0049
14.5702
15.2406
11.4344
12.6453
7.6588
8.1537
7.6588
10.4136
8.0621
8.6201
13.0877
9.7957
9.7278
13.9141
7.6588
11.7098
12.0326
9.7957
8.6636
11.7098
8.6636
8.6636
13.8076
7.5237
