16.6244
10.4136
6.5055
12.3885
9.7278
11.7098
10.8509
11.4344
14.5483
9.198
8.6201
11.0515
11.4344
9.1883
7.5237
14.5483
10.4136
13.0877
12.6453
7.0049
7.5237
10.8509
9.1883
13.0877
11.4344
11.7098
12.6453
9.7278
10.4136
12.6453
7.0049
7.6588
9.7957
9.7957
14.5483
12.3885
13.0877
12.0326
17.7222
9.198
12.3885
10.4136
11.0515
15.31
9.1883
11.0515
11.0515
10.8509
6.7137
16.8968
15.31
13.2725
14.5483
11.7098
12.3885
11.4344
9.198
9.198
9.1883
9.7957
9.198
9.198
9.7278
13.0877
8.1537
12.3885
11.4344
13.9141
10.8509
13.9141
13.8076
13.2725
9.1883
10.282
12.6453
7.6588
7.6588
10.282
9.198
9.1883
9.7278
7.5237
16.0928
10.282
9.7957
9.7278
12.3885
11.7098
11.0515
8.6636
12.6453
11.4344
12.0326
10.4136
19.5625
10.8509
10.8509
11.0515
11.4344
10.282
15.31
12.6453
11.0515
13.0877
9.7957
10.4136
5.5647
8.0621
8.6636
13.9141
8.1537
14.5483
10.282
21.2405
11.7098
9.7278
9.1883
12.6453
8.1537
8.1537
13.9141
9.1883
8.0621
10.4136
11.0515
8.6201
10.8509
7.6588
10.8509
12.6453
10.4136
11.7098
7.1787
13.0877
8.6201
8.6636
16.8968
14.5702
8.0621
10.4136
10.8509
12.3885
9.7278
10.4136
8.6201
10.4136
10.4136
11.0515
10.8509
10.282
11.0515
10.4136
15.31
10.8509
12.6453
8.6201
8.6201
9.198
9.1883
16.0928
13.9141
12.3885
11.0515
10.282
10.282
8.6201
10.8509
7.5237
8.1537
16.0928
8.6636
11.7098
8.1537
9.7278
8.6201
16.8968
14.5702
8.1537
9.198
8.6636
9.7957
12.6453
10.282
10.8509
17.7222
13.8076
10.4136
10.4136
8.6636
10.4136
9.7957
9.1883
9.7278
14.5702
11.4344
9.1883
8.6201
9.7957
9.1883
12.6453
9.7278
11.7098
9.7957
10.4136
13.2725
9.198
15.9254
11.4344
11.0515
13.8076
10.4136
7.6588
13.2725
14.5702
9.1883
9.1883
8.6636
8.0621
11.4344
9.7957
9.7957
12.6453
11.0515
11.7098
7.0049
9.198
11.0515
8.1537
8.6201
7.5237
12.0326
9.7278
8.1537
10.282
9.1883
7.1787
10.4136
8.6636
10.282
16.8968
10.4136
9.7957
11.0515
10.4136
9.7278
10.8509
9.198
8.6636
8.1537
10.4136
9.1883
16.0928
13.9141
15.2406
11.4344
10.4136
14.5483
8.0621
10.282
9.7278
9.198
11.4344
12.6453
8.1537
16.0928
13.0877
9.7278
13.8076
9.7278
8.6201
8.6636
9.7957
10.282
12.6453
8.6636
8.6201
12.0326
12.6453
10.282
15.31
11.7098
10.8509
9.1883
11.4344
8.6201
9.198
10.4136
9.198
8.6201
7.6588
11.0515
11.7098
8.6201
13.0877
11.7098
13.0877
10.8509
13.8076
11.0515
9.7957
12.3885
8.6201
11.0515
8.0621
14.5483
13.8076
10.4136
14.5483
16.8968
8.0621
11.4344
11.7098
11.0515
14.5702
12.3885
9.7957
13.0877
12.0326
12.3885
14.5483
13.2725
8.6201
7.5237
12.3885
12.0326
12.6453
8.6201
9.7278
15.9254
12.6453
8.6201
12.3885
11.0515
9.7957
12.0326
9.1883
7.6588
9.7278
9.198
7.0049
13.0877
13.9141
9.198
9.7278
13.2725
8.0621
10.282
9.7957
8.6201
10.4136
11.4344
8.0621
15.2406
8.1537
11.7098
11.7098
9.198
6.7137
12.0326
9.7278
10.4136
10.4136
12.6453
11.4344
8.1537
10.8509
11.0515
9.198
11.0515
9.7957
12.0326
10.4136
9.198
12.6453
10.4136
10.282
10.4136
13.0877
14.5483
8.6201
11.7098
8.1537
8.6201
11.0515
16.6244
8.0621
8.6201
9.7278
13.9141
10.4136
7.6588
13.0877
7.6588
11.7098
10.8509
7.1787
8.6636
9.1883
8.6636
8.6636
8.6201
7.6588
9.7957
10.8509
9.1883
13.9141
8.6636
8.1537
13.0877
9.7278
8.6636
9.198
7.6588
8.6636
9.7957
9.7278
9.1883
10.282
9.198
11.4344
11.4344
8.0621
12.3885
8.1537
12.6453
10.4136
10.8509
11.7098
9.1883
12.6453
9.7957
9.7957
9.7278
8.0621
13.8076
8.1537
13.8076
8.6201
13.9141
13.0877
10.282
13.9141
9.7957
11.0515
10.4136
7.5237
7.6588
8.6201
8.1537
11.7098
9.198
8.6636
7.6588
7.5237
8.0621
9.198
11.0515
8.6636
9.7957
10.8509
12.3885
11.4344
8.6636
11.0515
10.282
11.7098
8.6201
11.4344
8.6201
12.0326
12.0326
8.6201
13.0877
10.282
12.0326
12.6453
13.9141
7.6588
10.8509
15.9254
13.0877
11.7098
9.7278
10.282
9.7957
7.0049
10.4136
11.7098
9.7957
11.0515
12.0326
8.6636
9.198
16.0928
13.9141
7.6588
10.8509
11.0515
11.7098
7.5237
9.1883
11.0515
7.5237
7.5237
16.0928
13.8076
12.3885
13.8076
10.282
9.7957
12.3885
12.3885
15.31
8.6201
21.2405
15.2406
7.1787
10.4136
9.1883
8.6636
9.198
8.6201
9.1883
10.282
8.6636
10.4136
16.0928
9.7957
9.7957
11.7098
8.6201
7.6588
11.4344
9.1883
12.3885
9.7957
9.1883
11.4344
9.198
10.282
13.8076
13.2725
8.6636
8.1537
14.5483
7.1787
11.4344
11.7098
14.5483
8.6636
8.6201
9.7278
14.5702
9.7278
9.7278
11.4344
13.8076
9.7957
9.7957
8.0621
7.5237
13.2725
14.5483
9.7957
9.7957
13.9141
9.7957
12.3885
7.5237
14.5483
10.8509
10.282
10.8509
9.7278
13.8076
7.6588
10.8509
8.0621
6.7137
8.0621
9.198
11.4344
9.7278
11.0515
9.7278
9.198
12.0326
13.8076
8.6636
8.6201
9.7957
9.1883
10.8509
11.0515
15.2406
8.0621
12.0326
7.6588
11.0515
9.198
11.7098
10.4136
7.1787
13.0877
9.7957
8.6636
11.7098
8.1537
12.3885
12.0326
10.282
8.6201
10.282
11.0515
10.282
8.6636
17.7222
8.6636
10.4136
10.4136
10.4136
9.7957
13.0877
12.0326
11.7098
11.0515
9.7957
9.7278
12.0326
11.7098
9.1883
8.1537
15.31
10.282
15.31
12.3885
7.0049
8.0621
13.0877
7.0049
10.282
11.7098
11.7098
10.4136
12.0326
14.5483
12.0326
8.0621
16.0928
9.7278
8.0621
11.4344
12.3885
12.3885
10.4136
9.198
9.1883
9.1883
8.0621
7.1787
14.5483
8.1537
9.7278
12.0326
12.0326
13.9141
18.8068
13.9141
11.4344
9.7957
10.282
9.7957
7.5237
12.3885
10.4136
10.282
10.8509
11.0515
13.8076
10.4136
10.282
11.0515
10.282
16.0928
6.2637
9.7957
10.4136
7.5237
12.0326
9.7278
8.0621
9.198
10.8509
10.282
10.282
13.2725
9.1883
12.0326
13.2725
12.0326
9.7957
11.4344
9.7957
11.4344
10.282
9.1883
9.1883
8.6201
9.7278
12.0326
11.4344
9.7278
7.5237
9.7957
9.1883
8.6636
11.4344
8.6636
13.2725
9.7957
7.6588
9.1883
13.9141
11.7098
10.4136
6.7137
8.6636
11.0515
12.3885
8.6201
14.5483
10.4136
13.8076
8.1537
9.1883
11.7098
8.6201
14.5702
14.5702
8.6636
12.3885
7.0049
8.0621
9.7278
9.7957
10.8509
12.3885
12.0326
7.1787
14.5702
9.1883
9.7278
8.6636
13.2725
7.5237
9.1883
10.4136
12.6453
13.0877
12.0326
14.5702
14.5483
12.6453
10.4136
10.282
11.0515
10.8509
11.7098
12.6453
12.0326
8.6636
15.31
13.2725
8.0621
14.5483
10.282
9.198
10.4136
11.4344
8.6201
7.5237
12.3885
12.3885
12.0326
11.4344
10.4136
8.6201
9.7957
9.7957
8.0621
8.6201
13.0877
9.1883
9.1883
8.1537
10.4136
9.198
8.1537
12.0326
15.31
12.6453
10.282
8.0621
16.8968
11.7098
11.7098
7.6588
11.0515
8.0621
8.0621
9.198
8.6636
8.1537
12.0326
7.1787
11.4344
18.0652
9.7957
10.4136
6.2637
12.0326
9.7957
11.0515
12.3885
10.8509
8.6201
9.198
8.1537
12.3885
13.2725
10.282
7.6588
9.198
11.0515
8.6201
9.198
7.6588
9.7957
9.7278
8.0621
8.0621
7.6588
15.31
7.6588
9.198
12.6453
8.1537
12.3885
12.0326
12.3885
11.0515
11.0515
9.7957
13.0877
11.7098
17.3377
9.7957
15.31
7.6588
10.4136
9.198
8.6636
8.0621
9.7957
10.8509
8.1537
9.198
9.7957
7.6588
13.8076
8.6636
11.0515
10.282
10.4136
8.1537
9.1883
9.7278
12.6453
14.5483
10.282
9.198
10.282
10.282
9.198
7.6588
13.2725
9.7957
10.4136
12.6453
12.6453
6.5055
13.2725
8.6201
11.0515
9.198
11.4344
9.7278
10.8509
10.4136
10.4136
14.5483
8.6201
15.2406
7.5237
12.6453
9.1883
11.0515
13.2725
8.0621
8.6636
11.4344
7.5237
9.198
13.0877
10.8509
12.3885
13.0877
10.8509
7.1787
9.7957
13.2725
9.1883
13.0877
11.7098
9.7957
10.4136
11.7098
13.8076
10.8509
10.4136
8.0621
8.6201
12.0326
9.198
8.6636
8.6201
12.0326
8.6636
14.5483
8.1537
11.0515
8.6201
11.4344
7.1787
10.4136
8.0621
11.4344
7.0049
15.31
11.4344
12.6453
9.198
10.282
11.4344
8.0621
8.0621
8.6201
9.1883
12.0326
9.7957
7.0049
9.7278
6.5055
10.282
14.5702
8.6201
8.6636
11.4344
9.198
10.4136
9.7957
12.0326
9.198
10.4136
9.198
8.6636
10.282
10.8509
10.8509
13.0877
9.7278
9.7957
8.1537
9.7957
10.8509
10.4136
8.6201
11.0515
9.198
10.8509
11.7098
9.7278
9.1883
13.8076
9.198
11.7098
12.6453
8.0621
10.8509
8.0621
7.6588
