16.6244
13.2725
11.0515
9.7278
11.0515
13.0877
16.6244
7.6588
9.7957
10.8509
12.0326
7.1787
15.31
13.8076
13.0877
8.6201
14.5702
6.5055
11.7098
9.7957
12.0326
9.1883
9.1883
9.1883
11.4344
9.1883
10.8509
11.0515
9.198
11.0515
11.4344
9.7957
10.8509
13.8076
8.0621
8.0621
12.3885
12.3885
11.0515
9.7957
14.5483
11.0515
9.198
9.198
7.0049
12.0326
13.0877
10.4136
9.7278
12.3885
14.5483
14.5483
9.1883
8.6636
9.198
11.4344
13.9141
9.7278
12.0326
11.0515
8.6636
12.6453
7.0049
9.7957
8.6201
9.198
7.6588
10.4136
9.1883
8.6636
10.282
10.282
10.4136
10.282
9.1883
9.7957
11.0515
13.0877
7.6588
11.7098
11.4344
9.7278
13.0877
12.3885
9.198
8.1537
11.7098
13.0877
9.198
15.31
10.4136
8.6201
12.0326
11.0515
10.282
9.198
8.1537
7.6588
9.7957
11.0515
7.1787
9.7278
11.4344
7.6588
9.7957
6.5055
11.0515
13.9141
13.9141
10.282
9.7278
9.198
9.1883
11.7098
12.6453
9.7278
7.6588
7.6588
7.6588
7.0049
9.198
8.6201
9.7957
11.7098
12.6453
9.7957
10.4136
13.0877
9.7278
10.8509
9.7278
10.4136
9.7278
9.7957
12.3885
10.4136
8.0621
13.2725
9.198
16.6244
14.5483
7.5237
10.4136
8.1537
9.198
10.282
11.7098
10.282
9.7957
11.4344
11.0515
9.7957
9.7957
7.5237
16.0928
13.8076
10.8509
11.0515
8.6201
8.1537
13.2725
9.7957
9.7278
11.7098
8.6201
9.7957
7.6588
8.6201
12.6453
9.7278
9.7957
9.7278
13.0877
9.198
10.8509
13.0877
10.8509
11.0515
9.198
10.8509
10.8509
9.7957
8.6201
13.0877
14.5702
9.198
7.0049
10.282
13.2725
14.5702
10.282
11.0515
10.4136
11.0515
8.6636
12.0326
9.7278
11.0515
10.4136
11.4344
13.8076
8.6636
12.3885
9.198
9.198
8.0621
7.1787
11.7098
12.3885
8.0621
10.8509
7.5237
5.8288
8.6201
10.4136
9.198
10.8509
7.6588
9.7957
13.8076
13.0877
9.1883
7.6588
9.7278
9.1883
8.6201
9.7957
7.5237
9.7278
9.7957
9.1883
13.0877
7.0049
12.6453
12.3885
11.0515
12.6453
10.282
9.7278
7.5237
9.198
8.0621
12.0326
11.0515
9.1883
8.6201
9.7957
8.6636
11.7098
15.31
10.8509
11.0515
9.1883
12.3885
11.4344
13.0877
12.0326
8.6636
10.282
16.0928
14.5483
13.2725
9.7957
9.7957
9.7957
13.8076
8.6636
13.8076
13.0877
13.0877
11.0515
14.5483
8.0621
13.0877
13.0877
9.7957
13.2725
10.282
12.0326
10.8509
9.7957
11.0515
11.7098
8.6636
9.1883
9.1883
10.4136
10.4136
10.4136
9.7957
8.6201
11.0515
10.4136
11.7098
10.4136
11.7098
10.8509
9.198
10.282
9.1883
12.6453
12.6453
9.7278
13.8076
10.4136
17.7222
8.6201
6.7137
11.0515
9.198
8.6636
8.6636
9.7957
11.0515
11.4344
11.4344
12.0326
11.4344
12.0326
11.7098
7.5237
9.198
8.1537
8.6201
12.0326
10.282
10.282
10.4136
7.6588
9.1883
12.6453
12.6453
12.0326
9.7957
9.1883
11.0515
9.7278
11.0515
12.3885
12.6453
13.0877
9.198
10.282
8.6636
10.282
15.2406
9.7278
12.3885
8.6636
13.2725
9.198
11.4344
11.7098
12.3885
11.7098
9.7957
10.8509
8.6636
8.6636
11.0515
16.8968
8.0621
8.6201
9.7957
12.3885
7.5237
8.1537
7.5237
11.7098
7.5237
7.1787
12.3885
13.0877
13.9141
11.4344
10.8509
9.7278
8.0621
9.7957
10.4136
10.4136
14.5483
8.6201
7.1787
10.4136
13.0877
11.4344
9.7278
9.7278
9.1883
9.7957
8.1537
7.1787
12.3885
8.1537
13.8076
10.4136
9.7278
8.6201
13.2725
13.9141
11.0515
9.7278
8.6636
6.2637
17.3377
9.1883
8.6636
12.6453
8.1537
7.5237
15.31
12.3885
8.0621
12.6453
9.198
12.0326
13.8076
9.198
11.0515
10.282
9.7278
11.7098
9.1883
8.6636
13.0877
13.8076
11.0515
12.6453
16.8968
8.6636
9.7957
10.282
7.5237
10.4136
10.4136
15.31
12.0326
9.7957
8.1537
10.282
10.4136
10.4136
9.198
9.7278
9.1883
14.5483
13.0877
11.0515
11.7098
8.0621
10.282
8.0621
9.7957
12.0326
7.6588
11.7098
9.1883
8.0621
11.4344
13.0877
10.8509
9.7957
9.198
7.5237
8.6201
11.0515
13.9141
19.4377
9.1883
11.7098
10.4136
7.1787
8.1537
8.6636
13.8076
8.1537
8.6636
10.4136
11.4344
10.282
9.7957
11.7098
8.0621
9.7278
8.6636
8.1537
12.0326
10.8509
11.7098
9.7278
10.8509
11.4344
13.8076
8.6636
9.7957
9.198
10.282
10.282
12.0326
16.8968
7.6588
8.6201
10.282
9.198
8.6636
10.4136
8.0621
9.7278
9.1883
12.3885
8.6636
10.8509
10.8509
11.7098
12.6453
11.4344
11.4344
8.1537
8.6201
10.282
9.198
9.1883
10.4136
8.0621
9.1883
8.0621
7.6588
12.3885
17.3377
8.1537
12.0326
11.7098
10.8509
9.198
9.198
9.1883
13.2725
11.4344
10.282
8.1537
11.4344
10.8509
15.31
11.4344
10.4136
11.0515
13.8076
10.282
11.0515
10.4136
14.5483
9.198
14.5483
10.8509
10.282
9.7957
7.1787
11.4344
10.8509
9.7278
8.6636
7.6588
15.31
10.4136
16.0928
9.1883
18.5691
8.6201
10.282
13.0877
9.7278
8.6636
8.6636
9.7278
14.5702
8.6636
8.1537
9.198
12.0326
10.282
8.6201
8.0621
8.0621
9.7278
9.7957
12.0326
9.1883
7.5237
7.0049
7.6588
9.7278
9.1883
9.7278
11.0515
9.7957
9.1883
8.6201
8.6201
14.5483
9.7957
17.3377
11.0515
12.3885
9.7278
10.4136
9.198
9.198
7.1787
13.8076
7.5237
9.198
12.3885
9.7957
9.198
9.1883
8.6201
18.0652
11.7098
9.1883
11.0515
9.198
11.0515
19.4377
8.6201
11.4344
9.1883
12.6453
11.4344
10.4136
9.198
7.6588
9.1883
9.1883
11.0515
12.3885
11.7098
14.5483
10.8509
15.9254
13.8076
8.6201
10.4136
10.4136
9.7957
8.6636
11.4344
10.8509
10.282
11.0515
12.3885
13.2725
9.1883
9.7957
9.7957
9.7278
13.9141
10.8509
12.0326
10.282
10.4136
7.0049
13.0877
10.282
11.7098
11.4344
9.7957
8.0621
15.9254
13.8076
18.5691
6.7137
10.4136
9.198
8.6636
9.198
11.7098
11.0515
9.1883
9.7278
7.6588
11.7098
9.7957
12.6453
9.7957
9.7957
13.2725
9.7957
13.8076
9.7957
13.0877
8.0621
14.5702
7.6588
10.4136
10.282
11.0515
9.198
9.1883
12.0326
11.0515
14.5483
10.282
11.0515
12.0326
9.1883
7.5237
11.7098
8.6636
10.282
8.0621
8.6201
8.6201
7.0049
11.0515
11.7098
7.5237
8.6636
11.0515
14.5702
8.6201
11.4344
7.5237
13.0877
8.6201
9.7278
9.198
7.6588
13.0877
11.7098
10.4136
12.0326
7.0049
10.8509
10.4136
9.7957
13.2725
8.6201
10.8509
9.1883
9.7278
8.6636
10.8509
7.0049
10.4136
11.0515
11.4344
12.6453
15.31
10.8509
9.7957
8.0621
9.1883
11.4344
9.7278
11.7098
13.8076
11.0515
7.6588
11.7098
7.5237
9.198
13.8076
13.9141
9.198
10.4136
11.0515
8.1537
12.6453
9.1883
10.4136
11.0515
15.9254
9.1883
11.0515
9.1883
7.6588
8.6636
8.0621
9.7278
12.3885
9.1883
8.6201
9.7278
8.1537
11.4344
10.4136
14.5483
12.0326
9.7957
10.282
10.282
8.6201
23.132
16.0928
11.4344
8.0621
14.5702
7.5237
9.198
10.8509
11.0515
11.7098
9.198
11.0515
7.1787
7.0049
8.6636
11.4344
8.6636
13.2725
12.0326
10.282
7.6588
9.7278
11.0515
11.0515
9.198
13.9141
10.4136
10.282
7.5237
7.6588
8.0621
9.7957
9.198
9.1883
11.4344
9.198
9.7957
10.282
10.8509
8.1537
11.7098
12.0326
13.8076
8.1537
10.282
6.7137
13.8076
10.4136
13.2725
12.3885
8.6201
16.8968
13.0877
11.4344
7.5237
8.1537
9.198
7.1787
8.6201
11.7098
8.1537
13.2725
7.0049
10.282
10.282
15.9254
11.7098
11.0515
9.7278
8.6636
21.9141
11.0515
11.0515
9.198
13.2725
15.31
13.0877
10.4136
11.7098
7.5237
7.5237
13.0877
16.6244
10.4136
9.7278
12.0326
8.6636
10.282
9.1883
7.6588
9.1883
9.7957
14.5702
11.0515
13.8076
16.6244
9.198
9.7957
10.8509
6.7137
13.0877
17.7222
9.7957
8.0621
7.6588
8.0621
10.4136
8.6636
12.0326
18.5691
13.8076
8.6636
10.8509
9.198
10.282
9.7957
9.7278
8.0621
9.7957
9.198
9.7278
10.8509
11.4344
8.6636
8.6636
10.4136
12.0326
12.6453
12.0326
15.9254
10.8509
12.3885
10.4136
7.6588
10.282
9.7957
9.7278
16.0928
8.6636
12.0326
14.5483
10.282
8.6636
11.7098
7.0049
11.4344
13.2725
10.8509
12.3885
9.7957
8.6201
12.6453
9.7957
9.198
9.7278
9.7278
9.7957
8.1537
11.0515
8.1537
8.6636
12.3885
8.6636
9.198
10.8509
8.1537
8.6201
9.198
9.198
15.31
13.0877
9.7278
9.1883
8.1537
9.7957
8.0621
9.7278
11.0515
9.198
11.4344
8.1537
10.4136
12.0326
8.0621
12.0326
9.7957
13.8076
9.7957
10.282
9.7957
8.6636
13.8076
8.1537
12.0326
7.1787
11.0515
9.198
7.0049
8.6201
11.4344
13.0877
10.282
10.8509
11.4344
12.6453
8.1537
12.6453
8.1537
