16.6244
12.3885
8.6201
8.6201
12.0326
7.0049
13.0877
7.6588
10.8509
9.1883
14.5483
10.282
8.0621
10.282
11.4344
9.7957
9.7957
15.2406
6.5055
11.4344
8.1537
10.8509
10.8509
10.282
13.0877
10.4136
11.0515
9.7957
11.4344
12.3885
11.7098
11.0515
8.6636
13.8076
11.7098
11.0515
11.0515
8.6636
10.282
8.0621
15.31
8.0621
7.5237
15.9254
9.198
10.4136
12.6453
9.7278
12.6453
13.0877
10.8509
10.4136
9.198
10.282
13.9141
14.5483
9.7278
11.7098
7.1787
7.5237
10.8509
11.7098
9.7278
10.8509
8.6201
15.2406
14.5483
7.6588
10.8509
11.4344
15.9254
8.1537
10.8509
9.7957
12.6453
12.3885
12.3885
9.7278
8.0621
8.0621
11.7098
9.198
9.7957
9.7957
9.7278
13.2725
10.8509
9.1883
11.4344
9.7278
7.5237
8.6201
8.1537
9.7957
13.8076
11.7098
8.1537
8.6201
11.0515
12.3885
10.8509
7.6588
10.282
15.2406
7.0049
9.7278
9.7278
15.31
7.6588
10.4136
11.0515
12.3885
10.282
8.6201
9.7957
9.7278
8.6201
13.2725
13.2725
12.3885
11.7098
9.7957
9.7957
7.5237
8.1537
11.7098
9.7957
10.8509
9.7278
8.0621
11.0515
11.0515
11.7098
16.0928
14.5702
12.0326
8.6636
12.0326
12.3885
14.5483
12.3885
11.0515
9.7957
7.1787
9.198
10.4136
12.0326
11.0515
8.0621
8.0621
9.1883
9.1883
8.0621
12.3885
9.198
8.6201
10.4136
11.4344
9.7278
12.6453
13.2725
9.1883
10.282
8.6201
14.5483
10.282
12.3885
9.1883
9.7278
16.0928
17.3377
9.7957
8.0621
9.7278
13.8076
13.0877
8.6201
13.9141
11.7098
9.198
11.4344
8.6201
9.198
9.7957
18.8068
9.1883
8.6201
11.7098
8.6636
6.0255
13.8076
12.3885
8.6636
7.5237
14.5483
10.282
7.6588
8.0621
13.0877
7.5237
13.8076
9.7957
7.1787
9.1883
10.4136
13.8076
9.1883
10.8509
6.7137
10.282
11.7098
12.0326
13.2725
11.4344
11.4344
8.6636
7.1787
6.7137
11.4344
8.6636
20.3324
9.198
9.7278
6.2637
9.7957
10.4136
8.6636
6.2637
9.1883
8.0621
7.0049
9.7278
9.1883
12.3885
9.198
9.1883
7.1787
13.8076
10.282
10.8509
7.6588
13.0877
10.4136
10.8509
17.3377
10.4136
12.0326
10.4136
11.7098
7.5237
8.0621
9.198
9.198
10.4136
8.6636
6.7137
11.0515
9.198
11.4344
11.0515
12.6453
8.6201
7.6588
11.0515
8.6201
10.4136
8.0621
7.6588
9.198
10.4136
11.4344
13.9141
9.7278
11.4344
13.2725
10.4136
10.4136
10.4136
7.6588
13.0877
9.7957
8.6201
12.3885
12.0326
7.6588
10.8509
7.1787
11.4344
16.8968
9.198
9.198
9.1883
9.7957
13.2725
8.6636
9.7957
13.0877
13.8076
9.1883
10.8509
12.6453
9.7957
14.5483
9.198
9.198
8.6201
10.8509
10.4136
9.7957
9.7957
13.9141
7.6588
8.6636
12.6453
8.6636
8.6201
12.0326
9.198
9.7278
8.6201
9.7957
8.6201
8.6201
14.5483
19.5625
9.7957
7.6588
13.2725
12.0326
11.7098
10.4136
12.6453
12.6453
17.7222
12.0326
8.1537
13.2725
8.6636
11.7098
10.4136
13.0877
11.0515
8.1537
10.282
10.4136
9.7957
10.8509
12.3885
10.8509
10.282
18.0652
13.2725
15.2406
11.4344
12.0326
10.4136
9.198
11.0515
9.1883
10.282
9.198
10.8509
13.9141
11.7098
12.3885
7.0049
8.1537
10.282
8.0621
10.282
8.6636
13.0877
12.0326
9.7278
8.6636
8.6636
6.5055
9.7957
8.6636
10.4136
9.198
11.0515
15.31
14.5483
9.7957
15.31
14.5483
16.6244
11.4344
9.7957
12.3885
7.6588
9.7957
12.3885
8.1537
13.0877
10.4136
13.8076
9.198
8.6636
8.0621
7.5237
9.7957
11.4344
9.1883
7.1787
9.198
13.0877
9.7957
9.7957
13.0877
11.0515
7.5237
10.4136
6.7137
9.198
8.6201
10.8509
12.3885
14.5483
8.1537
10.4136
10.4136
19.4377
11.0515
13.2725
8.6201
8.1537
7.5237
12.0326
7.1787
8.0621
12.6453
9.7957
13.2725
6.2637
9.1883
12.6453
9.7278
11.7098
13.9141
8.0621
8.1537
11.4344
15.31
11.0515
11.4344
16.0928
9.7957
9.7957
8.6201
11.0515
10.4136
13.9141
10.282
10.4136
8.0621
13.2725
8.6636
10.282
9.7957
15.31
9.198
13.8076
8.1537
8.6636
13.0877
9.1883
8.6636
12.6453
10.8509
9.1883
9.198
8.1537
9.198
10.4136
11.7098
11.4344
9.7278
13.8076
8.6636
10.4136
9.7278
12.6453
11.7098
8.6201
6.5055
8.1537
11.7098
9.1883
13.9141
15.9254
12.3885
6.7137
8.0621
9.198
7.5237
11.0515
11.4344
9.198
10.282
13.0877
8.0621
10.8509
11.0515
13.0877
11.0515
9.1883
7.1787
11.4344
9.7957
11.0515
10.8509
9.7957
13.8076
16.8968
7.5237
10.8509
6.2637
13.9141
11.7098
9.1883
9.7278
12.6453
15.2406
11.0515
10.4136
13.2725
13.2725
12.3885
9.198
12.3885
10.8509
9.7957
9.1883
8.1537
9.198
7.6588
15.9254
14.5483
10.4136
9.1883
10.282
13.8076
13.2725
6.7137
7.0049
8.6201
8.6636
12.3885
15.31
10.4136
8.0621
9.7278
8.6636
11.7098
9.198
16.8968
6.7137
7.6588
8.1537
8.0621
9.1883
10.8509
8.0621
8.6636
11.4344
12.0326
9.7957
14.5483
10.282
8.6636
7.0049
12.0326
13.2725
9.1883
10.282
10.282
13.0877
12.3885
8.1537
11.7098
9.198
12.3885
11.0515
9.7278
11.0515
11.0515
8.1537
11.4344
11.4344
12.3885
9.198
8.1537
14.5483
7.0049
9.1883
7.1787
15.31
8.6636
10.282
9.198
8.6201
9.1883
9.7957
8.0621
9.198
10.4136
11.4344
13.8076
12.3885
9.1883
12.3885
12.3885
8.0621
10.4136
9.7957
13.0877
10.4136
13.0877
10.8509
9.198
8.0621
8.6636
10.8509
8.6201
15.2406
7.5237
14.5702
8.6201
8.1537
10.8509
10.8509
15.2406
8.0621
8.0621
16.0928
10.282
8.6201
10.8509
12.6453
11.4344
10.4136
8.6636
10.282
7.6588
9.1883
11.7098
11.4344
12.0326
11.7098
8.6636
10.282
12.0326
9.198
10.282
15.9254
14.5483
9.1883
11.4344
10.4136
9.198
14.5483
11.4344
13.9141
9.7278
13.0877
8.1537
9.198
9.198
11.7098
12.3885
10.4136
7.6588
7.1787
13.0877
9.1883
8.6201
10.8509
15.31
10.4136
10.282
9.1883
11.7098
8.6201
11.4344
11.0515
13.0877
11.7098
9.1883
13.0877
8.1537
15.2406
13.0877
13.0877
16.0928
7.0049
9.1883
11.4344
9.198
11.4344
7.0049
9.1883
13.2725
11.0515
9.7278
11.4344
10.282
13.0877
7.5237
12.6453
10.4136
12.0326
10.8509
9.198
11.7098
9.198
10.282
11.7098
7.5237
14.5702
17.3377
15.31
10.282
11.4344
10.282
9.7957
7.6588
15.9254
9.7957
12.3885
9.7278
11.4344
17.7222
13.9141
9.198
7.5237
10.4136
18.5691
9.7957
10.4136
8.0621
11.0515
12.0326
10.282
7.5237
18.8068
13.0877
10.282
9.7957
12.3885
14.5702
9.1883
9.7278
10.4136
10.4136
11.0515
9.1883
9.1883
11.0515
10.4136
9.7278
9.198
7.1787
10.282
9.198
10.4136
10.282
9.198
10.4136
10.282
8.1537
9.198
9.1883
7.1787
12.3885
13.9141
6.0255
10.4136
10.282
10.4136
13.2725
11.7098
8.6636
9.198
11.0515
10.4136
9.7957
8.6636
11.7098
11.0515
7.1787
9.198
9.1883
13.8076
10.282
9.1883
16.6244
12.6453
13.2725
9.198
10.4136
11.7098
8.1537
7.6588
11.0515
10.8509
11.4344
13.8076
10.282
8.6201
12.3885
10.4136
9.1883
9.7957
8.1537
18.0652
13.8076
10.282
8.1537
14.5702
8.1537
8.1537
10.282
8.0621
8.1537
7.5237
14.5483
9.1883
10.4136
6.7137
16.0928
7.0049
9.7278
10.8509
11.7098
11.4344
9.198
8.6636
10.4136
8.6636
10.282
10.4136
11.7098
11.0515
9.198
12.0326
9.7278
7.6588
11.0515
8.0621
9.7957
9.7278
12.6453
8.0621
14.5702
13.2725
8.1537
10.282
9.1883
9.1883
8.6636
11.7098
11.7098
10.4136
11.4344
8.1537
8.6636
12.0326
10.4136
13.0877
13.9141
7.5237
9.198
11.4344
8.6201
9.7278
11.0515
11.4344
8.0621
12.6453
11.7098
10.4136
9.1883
9.7278
17.7222
8.6201
8.1537
9.7278
10.4136
11.7098
12.0326
10.4136
12.0326
9.7957
10.282
10.282
10.8509
10.4136
9.7957
9.7957
10.282
9.7957
11.4344
7.5237
13.9141
8.6201
11.7098
11.0515
11.7098
7.5237
9.7957
8.6636
6.7137
7.5237
11.7098
13.0877
9.7278
7.0049
11.7098
11.4344
7.5237
7.0049
12.3885
6.2637
7.6588
13.0877
9.7957
10.4136
10.4136
15.2406
13.8076
8.1537
15.31
11.7098
10.282
10.282
11.0515
11.0515
8.6636
9.7278
8.6636
7.1787
9.7957
9.7278
8.6636
9.7957
10.282
12.0326
8.6201
7.5237
9.198
9.198
17.7222
8.6636
11.4344
7.1787
10.282
9.7957
11.4344
11.0515
8.6636
9.7957
11.0515
7.5237
7.1787
11.4344
9.7957
7.6588
10.4136
8.6636
9.1883
10.4136
9.1883
9.1883
11.7098
12.6453
10.4136
7.5237
8.6636
8.0621
8.0621
9.7957
11.0515
18.0652
14.5483
10.4136
9.7957
10.8509
8.6636
10.4136
7.0049
11.7098
9.198
10.282
9.7957
11.7098
8.6636
11.4344
7.6588
8.6636
