16.6244
13.0877
11.0515
8.6636
8.6201
8.6636
8.1537
11.4344
11.4344
12.6453
6.7137
8.6201
14.5702
10.282
6.7137
7.6588
15.2406
12.6453
9.7278
10.4136
9.1883
8.6636
13.0877
8.0621
16.8968
13.0877
14.5483
8.6636
11.4344
9.7278
12.6453
7.6588
11.0515
9.7278
8.6636
9.7278
10.282
9.198
7.6588
10.8509
14.5483
10.282
9.7278
12.6453
13.0877
8.0621
8.6636
9.7278
10.282
8.1537
8.6636
10.4136
11.7098
13.0877
13.9141
17.7222
8.6636
11.4344
9.1883
6.5055
10.8509
8.6636
7.1787
14.5483
12.6453
10.4136
12.0326
7.6588
12.3885
9.198
9.7957
7.1787
12.3885
7.1787
15.9254
9.198
16.0928
8.0621
5.8288
9.7278
12.3885
9.1883
6.0255
10.4136
10.4136
13.0877
10.4136
7.5237
15.2406
8.6201
11.0515
8.0621
9.7278
14.5483
12.3885
13.8076
13.9141
8.6636
9.7957
13.0877
10.282
10.282
10.4136
7.1787
12.0326
13.9141
13.2725
8.6201
7.1787
9.7278
10.4136
8.6201
7.5237
10.4136
12.0326
8.6636
9.1883
9.7278
11.0515
7.6588
11.0515
8.0621
11.0515
11.4344
8.6201
9.1883
8.6636
10.4136
10.4136
11.7098
12.3885
12.0326
8.6636
8.0621
8.6636
8.6201
8.6201
9.7278
10.282
13.0877
12.3885
14.5483
11.0515
9.7957
11.0515
8.6636
10.282
11.4344
9.1883
9.198
16.8968
7.5237
13.8076
12.0326
10.4136
8.6636
11.7098
9.7278
8.6201
7.5237
9.198
9.198
11.0515
12.0326
9.7957
12.0326
9.7278
11.0515
8.6201
9.7957
10.4136
12.3885
10.4136
9.7957
10.8509
15.31
8.1537
12.3885
10.4136
9.198
9.7278
13.8076
11.0515
9.198
12.6453
11.4344
12.3885
8.0621
13.9141
7.5237
16.0928
9.198
12.0326
25.2446
11.0515
11.0515
7.6588
11.0515
11.0515
14.5483
8.6636
13.8076
12.6453
14.5702
15.9254
8.0621
10.4136
12.6453
13.2725
9.7957
9.198
8.6201
11.7098
8.6201
9.1883
15.31
11.0515
11.0515
11.0515
9.7957
12.6453
10.4136
9.1883
9.198
12.6453
10.4136
9.1883
8.6636
11.0515
9.7957
8.6636
9.198
15.2406
14.5483
9.7957
10.8509
8.0621
10.282
12.0326
9.198
11.7098
11.7098
18.5691
8.0621
10.4136
10.8509
9.198
10.282
8.0621
6.5055
9.198
12.6453
10.8509
6.5055
9.7957
9.198
9.1883
13.2725
13.8076
13.9141
11.0515
9.7278
12.6453
6.7137
8.6201
15.31
9.7957
11.7098
12.6453
8.6636
8.1537
10.8509
9.198
8.6201
7.1787
11.0515
16.6244
9.198
11.7098
11.0515
13.8076
10.4136
12.3885
11.4344
11.0515
9.1883
9.1883
13.9141
12.0326
9.7957
8.1537
10.282
7.5237
9.7957
8.6201
11.7098
8.6636
11.4344
14.5483
10.282
12.0326
10.8509
10.4136
16.0928
8.6201
9.198
6.5055
7.6588
9.198
12.3885
13.9141
8.6636
11.4344
9.198
13.9141
11.7098
9.7957
8.6636
11.4344
9.7278
9.1883
9.7957
11.0515
8.1537
10.282
11.7098
10.4136
8.0621
10.4136
13.8076
9.7957
11.7098
9.7278
18.0652
10.4136
9.1883
11.0515
11.4344
12.0326
9.7957
9.7278
8.6636
12.0326
10.282
8.6201
10.282
9.198
9.7957
10.282
7.5237
12.0326
9.7957
15.31
8.0621
9.198
11.0515
10.4136
11.7098
11.7098
12.3885
8.0621
8.1537
9.1883
11.0515
8.0621
9.1883
7.6588
10.8509
9.7957
9.1883
13.2725
12.0326
13.2725
11.7098
11.7098
13.2725
9.1883
7.6588
11.4344
7.1787
13.0877
8.1537
6.0255
13.0877
16.0928
16.8968
8.6636
8.6201
13.2725
11.7098
10.8509
8.1537
9.7957
8.6636
10.4136
9.7957
9.1883
14.5702
14.5702
9.7957
9.198
9.198
8.6636
9.1883
15.2406
10.8509
10.8509
8.0621
15.2406
8.6636
9.7957
15.31
11.7098
13.9141
7.5237
10.4136
9.7278
9.7278
9.7957
9.198
10.4136
8.1537
8.0621
9.198
11.4344
8.1537
11.0515
8.0621
9.7957
8.6201
16.8968
5.409
10.8509
9.7278
10.282
9.1883
15.2406
10.282
9.1883
13.0877
11.7098
8.6636
8.6636
8.6636
7.6588
8.6201
11.0515
11.7098
8.1537
10.4136
8.6201
11.0515
10.8509
9.7278
9.198
7.5237
15.31
8.0621
20.3324
13.9141
9.198
11.0515
13.8076
9.7278
9.7957
7.0049
13.9141
9.1883
10.282
9.7957
8.1537
15.31
13.8076
21.9141
9.1883
12.3885
18.5691
9.7278
8.6636
10.4136
13.9141
9.198
9.7278
12.0326
7.6588
16.6244
11.7098
12.0326
10.282
9.7278
10.4136
7.5237
11.7098
8.1537
11.0515
10.282
11.7098
10.8509
6.5055
9.7278
11.4344
13.0877
9.198
8.0621
11.7098
13.8076
8.6636
13.9141
10.4136
13.0877
8.6636
9.198
10.282
7.6588
8.1537
9.198
6.5055
8.6201
8.1537
10.4136
6.7137
10.4136
12.0326
9.7957
11.4344
10.4136
12.0326
13.2725
10.4136
9.7278
9.7278
10.282
12.3885
12.3885
9.7957
7.5237
8.1537
9.7278
9.198
12.6453
13.8076
11.0515
12.0326
11.7098
11.4344
10.4136
11.0515
9.198
11.7098
9.7957
8.1537
10.4136
9.198
10.282
7.1787
8.1537
9.7957
8.6201
13.9141
12.3885
11.7098
12.6453
7.5237
10.4136
7.6588
10.8509
9.7278
17.3377
9.1883
10.282
10.4136
9.7278
13.8076
10.4136
10.4136
13.8076
8.0621
15.2406
9.7957
8.6636
11.0515
12.6453
11.0515
10.4136
11.0515
9.1883
10.282
13.0877
11.0515
9.7278
9.7957
7.6588
12.3885
8.0621
15.9254
8.6201
10.8509
11.0515
13.0877
11.0515
12.6453
8.0621
8.6636
13.8076
8.1537
10.282
12.3885
8.6201
9.1883
9.7957
11.7098
10.4136
11.7098
9.7957
8.6636
9.1883
10.282
9.198
9.7278
8.1537
13.0877
13.9141
10.282
13.0877
10.8509
11.4344
11.7098
9.1883
7.6588
13.2725
12.3885
8.6636
11.7098
8.6636
12.3885
11.7098
10.8509
10.8509
10.8509
8.0621
10.8509
11.0515
11.0515
11.4344
18.8068
8.0621
8.6636
11.0515
10.4136
15.2406
11.7098
9.7957
12.6453
8.6636
8.6636
9.7957
8.6636
8.0621
10.4136
10.8509
13.9141
9.7278
8.1537
15.31
9.1883
10.282
11.0515
6.7137
9.1883
11.0515
9.7957
12.0326
7.6588
13.9141
13.2725
7.6588
7.1787
14.5702
9.7957
10.4136
7.5237
12.0326
13.2725
9.7278
13.0877
9.7278
8.6201
13.9141
9.7278
11.4344
9.1883
8.6636
7.5237
13.0877
10.282
11.0515
10.282
8.6201
9.7278
12.3885
6.5055
9.7957
11.7098
7.6588
16.0928
9.7278
9.7957
8.1537
10.4136
9.1883
8.6636
9.7957
12.3885
9.198
8.1537
8.6636
11.4344
12.6453
9.7957
10.4136
8.0621
13.2725
9.7957
8.6201
15.2406
7.5237
13.8076
10.8509
10.4136
9.7957
14.5483
9.7278
9.1883
15.31
7.6588
7.1787
11.7098
10.8509
15.31
9.198
10.8509
10.4136
13.8076
8.1537
11.0515
11.0515
11.0515
8.6201
12.3885
8.6201
11.4344
8.0621
10.282
12.0326
10.4136
9.1883
8.6636
10.4136
10.4136
21.9141
9.7278
12.6453
11.0515
9.198
7.5237
9.1883
10.282
11.4344
10.4136
9.7957
10.4136
13.8076
10.8509
11.0515
9.7957
9.7957
10.282
9.7278
9.198
13.2725
9.198
8.6636
9.7957
22.1751
11.7098
8.6636
15.2406
15.9254
10.8509
9.7278
8.6636
9.198
8.6636
10.4136
12.0326
9.198
9.1883
13.0877
10.8509
12.6453
8.6636
13.0877
10.8509
14.5483
8.1537
7.1787
8.6201
9.7957
9.7957
25.1133
10.8509
13.0877
12.3885
8.0621
12.3885
9.7957
8.6201
9.7278
8.6201
8.6201
10.8509
9.7957
10.8509
9.198
8.1537
9.7957
9.198
8.1537
7.1787
12.0326
8.0621
10.8509
12.6453
9.7957
10.282
13.9141
10.4136
13.0877
7.1787
8.6636
10.8509
8.1537
11.7098
9.198
10.282
12.0326
11.7098
8.6636
9.7957
8.6201
10.282
12.0326
11.0515
13.8076
11.7098
16.0928
9.7278
15.31
10.4136
11.7098
9.198
9.198
11.7098
8.0621
8.1537
9.7957
15.2406
7.1787
8.6201
9.7957
11.0515
9.7278
9.7278
9.7957
9.7278
13.2725
14.5483
10.4136
8.6636
15.31
10.282
9.7278
12.0326
10.282
8.1537
7.6588
11.7098
7.0049
9.1883
8.6201
9.7278
8.6201
6.7137
8.1537
12.0326
15.2406
11.0515
13.9141
11.0515
11.0515
7.6588
9.7957
11.7098
9.198
12.0326
9.7957
13.0877
11.4344
9.7957
15.31
7.0049
10.4136
10.8509
11.0515
8.1537
10.282
9.198
8.6201
8.1537
15.2406
9.1883
9.7278
12.6453
9.1883
9.198
10.282
10.4136
10.282
9.1883
10.8509
7.0049
13.2725
11.7098
8.1537
7.6588
9.198
9.198
14.5483
20.3281
11.7098
9.7278
8.1537
10.282
16.0928
11.7098
11.7098
9.7957
13.2725
11.0515
8.6636
11.0515
8.6201
10.4136
10.4136
9.1883
12.0326
8.1537
7.6588
8.6201
9.1883
12.6453
11.7098
11.4344
12.6453
9.198
7.5237
9.198
9.198
10.4136
15.2406
9.7957
8.0621
10.8509
10.4136
12.3885
7.0049
13.0877
11.7098
11.7098
12.0326
12.0326
8.6636
8.6636
11.7098
10.282
6.7137
7.6588
7.1787
9.7957
9.7957
10.4136
8.0621
9.7957
10.4136
9.7278
10.8509
10.282
11.0515
7.6588
11.7098
8.1537
