16.6244
8.6201
11.7098
12.3885
9.1883
8.6201
8.0621
12.6453
19.4377
9.198
6.5055
11.0515
11.4344
11.7098
13.8076
13.9141
12.3885
13.8076
9.7278
9.7957
10.4136
11.4344
13.0877
11.4344
9.7278
10.8509
11.0515
10.282
11.0515
13.9141
12.3885
9.7957
8.6201
11.7098
9.1883
8.6636
8.0621
17.7222
7.6588
11.7098
9.1883
6.0255
6.7137
9.7278
11.4344
9.198
8.6636
11.0515
13.9141
7.6588
8.6636
11.7098
11.0515
7.5237
10.282
13.9141
10.4136
9.1883
7.6588
13.0877
9.198
8.6636
9.7957
12.6453
13.9141
12.0326
9.7278
16.8968
11.7098
10.282
10.282
9.7957
9.1883
7.1787
18.0652
9.7957
11.0515
10.282
11.0515
15.31
10.282
11.4344
9.7957
8.6201
8.0621
13.8076
15.31
13.2725
12.0326
9.7957
9.198
11.0515
8.0621
12.3885
9.1883
8.0621
8.0621
12.0326
12.0326
8.6201
12.0326
10.282
12.0326
9.7278
15.31
8.6201
11.4344
15.31
13.0877
10.4136
13.0877
8.0621
8.1537
8.1537
7.1787
6.7137
9.198
12.0326
11.0515
9.7957
8.1537
8.6201
8.1537
9.7278
10.282
11.7098
15.9254
8.1537
12.6453
9.198
8.6636
9.7278
10.4136
10.4136
18.0652
9.7278
10.4136
14.5483
10.8509
8.6201
11.7098
11.0515
12.0326
12.0326
13.0877
12.3885
8.0621
9.1883
9.7278
8.0621
12.6453
10.8509
11.7098
14.5483
12.0326
7.5237
12.0326
13.8076
8.6636
13.0877
11.7098
8.6201
9.1883
12.0326
6.0255
17.7222
10.8509
19.4377
16.0928
9.7957
11.4344
8.0621
11.4344
16.8968
9.198
9.7957
10.8509
8.6636
8.6201
8.6636
11.4344
9.198
9.1883
8.6201
11.0515
13.9141
19.4377
9.198
7.6588
7.6588
10.4136
8.6636
11.0515
8.1537
7.0049
11.0515
8.6636
11.7098
12.6453
13.2725
8.1537
10.8509
9.198
13.8076
13.9141
14.5702
14.5483
8.1537
11.7098
7.1787
6.7137
9.1883
8.1537
7.6588
10.4136
9.7957
12.3885
11.7098
9.198
8.6636
10.4136
18.5691
8.1537
9.198
9.7278
6.7137
11.4344
12.6453
11.4344
10.282
10.4136
11.7098
10.8509
9.7957
9.1883
7.0049
14.5702
10.4136
12.3885
7.6588
12.3885
8.6636
7.5237
6.2637
13.2725
8.6201
8.6201
8.1537
8.1537
10.282
10.4136
11.4344
8.6201
10.8509
11.0515
10.282
12.0326
12.6453
13.8076
12.3885
10.8509
11.0515
10.4136
9.7278
11.7098
9.1883
14.5702
13.0877
13.0877
12.0326
9.7278
11.7098
7.6588
11.7098
10.8509
10.4136
13.9141
10.4136
15.9254
9.1883
24.1113
9.198
12.3885
13.2725
10.4136
9.7278
12.0326
10.282
10.282
12.3885
14.5702
9.1883
11.0515
9.7957
9.7278
10.4136
12.3885
11.7098
12.6453
13.8076
8.0621
9.7957
8.6636
10.8509
12.3885
8.1537
7.6588
10.282
13.0877
8.6636
10.4136
8.6636
9.7278
10.4136
10.4136
11.0515
7.6588
8.6201
9.198
9.7957
10.8509
8.1537
9.1883
9.7278
9.7957
10.4136
8.6636
9.1883
11.0515
10.282
8.6636
9.7957
12.0326
8.6201
9.198
9.198
15.9254
11.7098
9.7278
8.6201
7.0049
9.7278
13.8076
10.282
7.5237
9.7278
12.6453
10.8509
9.7278
8.1537
11.4344
10.282
7.0049
8.6636
9.198
12.6453
10.4136
10.4136
9.1883
15.2406
11.0515
12.3885
10.282
12.6453
11.0515
13.0877
7.5237
9.198
9.7957
9.7957
10.4136
11.7098
13.2725
11.7098
10.4136
8.6201
11.7098
13.9141
12.3885
12.3885
11.0515
19.4377
13.9141
12.0326
9.7278
12.0326
9.7957
11.4344
13.0877
9.198
8.6636
9.7957
11.4344
11.7098
9.198
14.5483
16.0928
14.5702
8.6201
9.198
8.6636
9.198
13.9141
17.3377
7.1787
13.8076
13.2725
9.1883
10.8509
7.1787
10.4136
17.3377
10.4136
9.7278
13.0877
9.7957
10.8509
11.4344
13.2725
8.1537
7.1787
10.8509
11.7098
7.0049
10.4136
8.0621
6.7137
10.282
9.7278
9.198
10.282
8.6201
12.6453
8.1537
8.0621
11.0515
11.4344
8.0621
7.5237
13.9141
8.6636
16.8968
11.7098
10.4136
11.4344
12.6453
10.282
11.7098
9.198
10.8509
10.4136
10.282
10.282
11.0515
9.7957
9.7957
10.4136
10.4136
16.0928
10.4136
11.0515
10.8509
7.5237
8.6201
9.7957
8.6201
8.0621
10.4136
13.2725
6.5055
10.282
10.4136
13.2725
10.4136
9.1883
13.0877
10.282
7.0049
9.198
10.282
7.1787
12.0326
13.8076
14.5702
9.1883
15.2406
11.0515
10.8509
10.282
10.4136
7.5237
9.7957
9.7278
12.6453
9.198
10.8509
9.198
10.282
9.1883
9.198
12.3885
12.6453
9.7278
15.31
8.0621
11.7098
8.6201
10.4136
8.1537
11.0515
10.282
13.8076
11.0515
8.6201
8.6636
12.3885
9.7957
10.8509
13.9141
11.0515
11.7098
9.198
12.3885
9.198
8.6636
13.0877
10.8509
10.4136
11.4344
7.0049
6.5055
12.0326
14.5702
10.282
8.6201
10.282
9.7278
9.7278
11.0515
9.198
8.0621
9.198
10.4136
9.7278
12.3885
9.7957
10.282
10.282
8.6636
13.2725
8.6636
10.282
13.0877
10.8509
10.4136
11.0515
10.8509
9.1883
12.0326
18.0652
9.7278
11.7098
9.7957
12.3885
8.0621
8.6201
9.1883
8.6636
13.8076
9.1883
9.7278
12.6453
6.0255
14.5483
7.1787
12.3885
9.198
10.8509
12.0326
8.6636
13.0877
17.7222
11.0515
11.4344
13.9141
12.3885
7.0049
8.6636
8.0621
8.6201
10.8509
10.282
11.0515
9.198
11.4344
7.5237
7.5237
13.2725
8.6636
8.0621
13.2725
11.7098
11.0515
13.0877
11.4344
8.1537
8.6201
10.8509
12.3885
10.8509
9.198
7.0049
15.31
13.8076
7.6588
11.0515
8.0621
11.4344
9.198
11.0515
13.8076
9.7957
13.9141
11.4344
12.3885
8.6636
10.8509
13.2725
12.0326
8.1537
7.6588
9.1883
8.6636
8.6201
9.7957
10.282
10.8509
8.6636
7.6588
9.198
9.198
9.7278
15.31
14.5483
10.282
9.7278
10.8509
12.0326
10.8509
7.1787
15.31
12.3885
8.1537
10.4136
13.9141
13.0877
11.7098
10.8509
7.6588
10.4136
7.6588
8.6201
12.6453
9.1883
8.6636
9.7278
9.7957
11.0515
13.8076
14.5483
10.4136
13.0877
10.4136
11.4344
10.8509
6.7137
12.6453
8.1537
7.6588
7.1787
10.8509
8.1537
8.6636
11.4344
7.6588
13.8076
9.7278
8.6636
12.0326
7.6588
8.6201
17.3377
8.6636
11.4344
8.0621
9.7957
8.6201
11.0515
16.0928
13.8076
10.8509
11.0515
8.6201
11.0515
9.7278
8.6636
8.6201
9.7278
10.282
9.198
12.3885
11.7098
10.8509
14.5702
8.6201
12.6453
16.0928
19.4377
10.8509
12.0326
8.1537
13.2725
9.1883
7.1787
13.8076
13.8076
13.2725
11.0515
16.6244
12.3885
6.7137
10.8509
9.1883
9.198
8.6201
9.1883
7.5237
10.8509
12.0326
10.4136
12.0326
8.0621
11.0515
11.0515
8.6636
9.7278
7.6588
10.282
13.8076
6.7137
13.0877
10.8509
9.1883
9.198
9.1883
9.198
12.0326
15.9254
9.7278
9.1883
9.198
13.8076
8.6201
9.1883
13.9141
7.1787
10.4136
9.1883
13.9141
10.282
9.1883
11.0515
8.6201
9.198
12.3885
9.198
9.7278
9.7278
8.6201
8.0621
10.4136
12.0326
11.4344
13.9141
16.6244
11.0515
15.2406
16.0928
8.1537
9.7278
10.282
10.282
9.1883
9.198
12.3885
10.4136
13.9141
10.8509
16.0928
10.4136
9.1883
8.6201
9.1883
13.2725
8.6636
13.2725
9.7957
12.3885
10.8509
11.0515
9.1883
7.5237
11.4344
12.3885
8.0621
8.1537
9.7957
10.8509
10.4136
9.7957
11.7098
9.7957
8.6636
13.2725
7.0049
15.2406
9.198
8.6636
9.1883
8.6201
10.8509
9.198
9.7278
13.0877
9.198
8.6201
9.7957
9.7957
14.5483
10.8509
15.9254
9.198
11.0515
8.6636
8.6201
13.8076
7.1787
8.6201
8.1537
8.6201
10.4136
10.4136
11.0515
12.0326
9.7278
13.2725
13.9141
7.6588
8.1537
8.1537
12.6453
13.8076
12.3885
8.1537
8.0621
15.31
10.4136
8.0621
6.0255
8.6201
9.7957
13.8076
10.8509
11.7098
8.1537
10.282
11.0515
8.1537
11.0515
11.0515
11.7098
13.0877
8.6201
8.6201
9.198
11.7098
14.5702
7.1787
22.7259
7.0049
8.0621
9.7278
10.8509
10.4136
13.0877
9.198
8.6201
9.1883
11.4344
9.7278
13.9141
9.1883
13.8076
11.0515
8.0621
7.0049
9.198
13.8076
8.6636
12.6453
9.1883
10.4136
9.1883
6.2637
10.4136
10.8509
9.7278
10.4136
6.5055
9.198
13.8076
11.7098
13.9141
12.0326
9.7278
10.4136
12.0326
9.7278
11.4344
9.198
12.0326
10.8509
8.6201
12.6453
8.0621
10.4136
14.5483
10.4136
9.7957
10.4136
8.1537
8.6201
8.1537
14.5702
11.7098
9.1883
8.0621
10.4136
10.4136
11.4344
11.7098
9.198
12.3885
8.0621
11.7098
11.0515
8.6636
9.1883
13.0877
8.1537
11.7098
7.0049
15.2406
11.4344
15.9254
14.5702
14.5702
10.4136
11.7098
13.2725
11.7098
17.7222
8.1537
10.282
11.7098
11.4344
10.8509
15.9254
11.4344
15.2406
16.0928
9.1883
10.8509
8.6201
10.4136
7.6588
14.5483
10.282
11.0515
9.7957
11.0515
9.1883
12.0326
9.7278
12.3885
12.3885
9.198
11.0515
9.7278
10.4136
9.1883
