16.6244
8.1537
7.5237
10.8509
11.0515
9.7278
8.6201
8.6201
10.4136
8.6636
12.3885
8.1537
8.0621
7.1787
12.0326
10.282
12.0326
10.4136
11.4344
11.4344
8.0621
13.2725
9.7957
8.6201
12.3885
14.5702
9.198
10.8509
9.7957
7.1787
12.3885
12.6453
9.7957
10.4136
7.6588
10.282
8.1537
10.8509
7.6588
11.7098
11.7098
8.6636
9.7278
10.8509
11.4344
14.5483
9.1883
8.6636
10.4136
8.1537
7.6588
9.7278
10.282
8.0621
9.198
14.5483
12.0326
6.7137
10.4136
10.4136
7.5237
11.0515
7.5237
9.7278
7.6588
9.7957
20.3324
10.282
10.282
11.4344
11.4344
13.0877
10.4136
8.6636
8.6201
12.6453
9.1883
15.9254
13.2725
11.0515
10.282
9.7957
13.8076
11.0515
9.7957
10.4136
8.6201
7.5237
9.7278
8.6636
11.7098
9.7957
11.4344
11.4344
12.0326
5.5647
7.6588
11.0515
10.8509
10.4136
9.7278
10.4136
10.8509
13.2725
10.4136
13.9141
11.0515
12.0326
13.0877
8.6636
8.0621
12.3885
9.7957
10.8509
10.282
12.3885
8.6636
9.7278
14.5483
8.6201
14.5702
14.5483
9.7957
10.4136
6.7137
11.7098
13.9141
7.1787
11.0515
10.8509
12.0326
13.0877
7.5237
9.198
8.6201
9.198
8.1537
8.0621
11.4344
10.282
10.4136
9.7957
8.0621
10.4136
7.0049
9.7957
10.282
9.7957
9.7278
12.0326
12.3885
10.8509
9.7278
9.7957
12.0326
10.4136
9.7957
10.8509
9.198
11.4344
13.9141
7.5237
8.6201
10.8509
11.4344
9.7957
16.0928
12.6453
13.0877
8.6201
8.6201
18.8068
9.7278
11.0515
11.7098
10.4136
11.4344
9.7278
11.4344
9.7957
7.6588
8.6636
9.1883
8.0621
8.6201
7.6588
11.0515
9.1883
13.9141
11.0515
15.31
12.0326
12.3885
10.8509
13.0877
8.6201
17.7222
9.1883
13.0877
11.0515
10.282
9.7278
8.1537
11.7098
9.7278
11.7098
9.7278
9.198
7.1787
10.282
9.7957
8.0621
9.7957
9.7957
6.0255
8.0621
7.0049
9.7278
11.7098
7.5237
8.0621
13.2725
11.0515
14.5483
9.7278
9.7957
12.3885
15.9254
10.8509
12.6453
11.0515
9.7957
9.1883
9.7957
9.7957
8.0621
9.7278
12.6453
11.0515
9.7278
9.7278
12.3885
13.0877
11.7098
10.4136
9.7278
12.3885
8.6201
8.6201
9.7957
9.1883
10.4136
8.6636
10.282
9.198
9.198
17.7222
8.0621
11.0515
10.282
11.7098
12.3885
18.0652
10.4136
10.282
10.4136
8.6201
6.0255
8.6636
9.198
9.1883
14.5483
12.0326
18.0652
9.7957
9.7278
7.1787
13.9141
13.0877
7.1787
13.0877
11.7098
9.198
16.6244
8.6636
9.1883
8.6636
14.5702
15.31
9.1883
15.31
8.1537
10.282
11.7098
11.4344
9.1883
15.9254
7.6588
7.5237
8.6201
9.198
9.7957
14.5702
6.7137
11.4344
11.4344
15.31
13.2725
11.0515
13.9141
13.0877
10.8509
8.0621
13.0877
8.6201
11.0515
8.0621
11.7098
10.4136
7.1787
11.7098
10.4136
11.0515
10.282
11.7098
16.0928
9.7957
13.8076
9.1883
9.198
13.2725
16.6244
8.6636
11.7098
8.1537
9.198
9.1883
13.2725
11.4344
9.198
9.7957
7.6588
13.2725
16.6244
11.7098
9.198
13.9141
10.4136
15.31
9.198
7.6588
14.5702
11.7098
10.282
8.1537
12.0326
12.3885
13.8076
12.0326
8.0621
11.4344
10.282
12.3885
14.5702
11.7098
8.0621
9.7278
9.1883
6.5055
10.4136
11.4344
9.7957
9.1883
10.282
13.2725
13.9141
17.3377
10.8509
7.5237
10.8509
9.7957
9.7278
15.31
9.7278
13.8076
8.6201
9.198
8.6636
10.4136
8.6636
10.4136
12.6453
12.3885
10.282
9.7278
11.7098
10.8509
10.282
8.0621
9.7957
10.282
11.0515
9.1883
7.6588
6.2637
12.3885
7.5237
10.282
10.4136
9.7957
13.9141
8.6636
9.1883
12.3885
7.1787
12.0326
12.3885
10.282
9.198
8.6201
12.3885
11.0515
9.198
10.4136
11.7098
9.1883
10.8509
8.0621
9.198
14.5483
15.9254
18.8068
8.0621
15.2406
9.1883
9.198
9.7278
9.7278
7.1787
7.6588
8.6201
8.6201
9.7957
8.6636
7.5237
11.4344
11.7098
9.7278
12.3885
9.7278
17.3377
8.6636
15.31
9.198
10.4136
9.198
12.3885
13.8076
8.1537
14.5483
8.0621
13.0877
8.6636
8.6201
11.7098
10.282
11.7098
11.4344
14.5483
8.0621
9.198
7.6588
12.3885
10.4136
8.1537
8.1537
7.6588
15.9254
11.7098
11.0515
9.7957
8.0621
19.4377
12.3885
12.6453
9.1883
12.6453
8.6636
10.8509
8.0621
10.282
11.7098
13.9141
11.0515
12.3885
11.7098
9.198
9.7957
9.198
10.4136
7.5237
10.4136
9.7278
8.6201
9.198
8.6636
16.6244
12.0326
9.1883
9.7957
10.282
14.5483
10.4136
10.4136
8.6636
14.5483
11.0515
10.8509
11.4344
9.7957
8.6636
8.6201
12.0326
8.6636
11.0515
7.5237
7.1787
10.8509
8.6636
8.6636
13.8076
7.5237
7.6588
9.7278
9.198
7.1787
9.198
12.3885
14.5483
10.282
11.0515
11.7098
9.1883
13.2725
8.6201
10.282
11.0515
18.0652
11.7098
13.0877
11.7098
11.0515
11.0515
11.0515
9.198
9.7957
10.8509
11.7098
16.0928
10.8509
7.6588
14.5483
10.282
9.7957
10.8509
9.7957
9.1883
11.7098
10.282
7.1787
10.282
15.31
9.7278
14.5483
9.7957
12.3885
8.6201
9.7278
11.0515
9.198
8.0621
18.8068
12.0326
12.0326
8.6636
9.7278
7.5237
11.0515
9.7957
11.0515
12.6453
8.1537
10.8509
8.6201
8.0621
13.0877
8.0621
8.6201
8.1537
7.6588
9.7278
11.0515
8.1537
8.6201
12.3885
12.6453
12.6453
11.7098
8.6636
8.0621
7.5237
9.7957
7.5237
10.8509
11.7098
10.282
7.1787
9.1883
9.1883
11.0515
7.6588
13.9141
11.7098
8.6201
9.7278
7.1787
11.4344
13.8076
10.4136
6.2637
11.4344
10.8509
9.1883
8.6201
10.4136
10.8509
17.7222
8.1537
12.6453
9.1883
13.9141
14.5483
8.0621
9.198
15.9254
12.0326
12.6453
9.1883
12.3885
11.4344
10.282
8.6201
7.6588
10.282
9.7278
17.7222
8.0621
14.5483
11.0515
8.0621
10.8509
11.7098
10.4136
10.8509
6.7137
9.198
13.2725
8.1537
9.198
9.198
9.198
9.7957
10.4136
8.6201
9.7278
14.5702
7.6588
12.3885
8.6636
11.7098
12.0326
15.2406
9.7957
11.7098
9.7278
10.4136
9.198
7.0049
13.2725
8.0621
12.3885
9.1883
9.198
9.7957
14.5702
11.0515
10.282
14.5483
8.1537
13.8076
9.7957
7.6588
9.7278
8.1537
10.4136
11.7098
11.0515
9.7278
8.6636
10.282
13.0877
10.282
16.0928
9.1883
11.0515
11.0515
8.0621
9.7957
15.2406
8.1537
13.9141
9.198
7.6588
8.0621
9.198
10.4136
9.1883
12.3885
9.1883
11.4344
9.7957
13.2725
12.3885
10.8509
12.3885
8.1537
11.7098
13.8076
12.3885
10.4136
7.6588
12.0326
8.1537
12.0326
16.8968
10.282
9.7278
13.8076
9.198
12.0326
9.1883
6.5055
15.31
16.0928
7.1787
8.1537
8.6201
11.7098
9.7957
12.3885
15.31
8.6201
11.0515
14.5483
6.5055
9.7278
8.6636
8.6201
8.6201
11.0515
9.7957
8.6636
14.5483
9.7278
13.0877
9.1883
16.8968
10.282
9.1883
9.1883
15.31
12.0326
11.7098
10.282
11.7098
8.6636
9.1883
8.6636
7.6588
10.4136
10.282
7.1787
11.0515
5.409
18.5691
9.1883
10.8509
15.2406
15.31
9.198
7.6588
12.3885
8.6636
13.2725
13.0877
8.6636
11.7098
7.1787
6.7137
8.0621
13.0877
9.7957
9.7957
9.7957
6.2637
9.7278
18.8068
9.7957
10.4136
13.0877
12.3885
8.6201
9.7278
12.3885
9.7278
9.7957
13.8076
12.6453
7.5237
10.282
11.4344
9.198
9.7278
11.7098
7.6588
7.6588
13.8076
12.3885
10.282
11.4344
11.7098
11.4344
8.6201
10.4136
9.198
8.1537
7.1787
14.5483
11.4344
9.7957
11.0515
9.198
15.2406
10.8509
12.3885
12.6453
5.8288
10.4136
8.1537
13.0877
11.4344
9.198
8.6636
10.8509
9.7957
9.198
10.4136
10.8509
10.282
10.282
9.198
9.7957
13.0877
7.6588
6.5055
8.6201
10.282
11.0515
10.4136
9.1883
10.8509
13.2725
9.7957
8.1537
10.4136
15.2406
9.7278
8.6636
10.282
16.8968
13.0877
8.6636
9.198
9.198
9.7278
9.198
7.0049
9.7957
10.282
8.6636
9.7278
9.198
12.0326
9.198
8.6201
11.4344
7.6588
14.5483
8.0621
13.9141
11.7098
11.7098
9.1883
13.8076
10.4136
8.0621
12.6453
8.1537
9.7278
15.9254
13.8076
11.0515
11.4344
9.1883
9.7278
8.6201
9.7278
11.4344
9.1883
8.1537
9.7278
10.4136
8.0621
13.0877
9.1883
8.0621
8.0621
9.7957
15.31
8.0621
9.1883
11.4344
8.6201
7.1787
8.1537
8.0621
8.6201
10.4136
9.198
12.3885
10.282
13.0877
10.8509
12.3885
10.4136
11.0515
9.1883
9.7957
7.5237
10.4136
8.6636
9.7957
17.3377
9.7957
11.7098
13.8076
10.282
10.8509
8.6201
9.198
9.198
9.7278
9.1883
9.7278
10.4136
12.6453
9.198
11.0515
8.1537
10.8509
11.4344
7.6588
7.6588
11.0515
9.1883
12.3885
12.3885
10.4136
11.7098
9.198
12.3885
11.0515
10.4136
8.0621
9.7278
8.6636
9.1883
8.1537
11.0515
7.5237
9.198
